subject,gesture,repetition,sample_index,y_true,y_pred,correct,prob_max
1,1,1,0,0,1,0,0.18055565655231476
1,1,1,1,0,3,0,0.16141432523727417
1,1,1,2,0,1,0,0.1455237716436386
1,1,1,3,0,1,0,0.18308943510055542
1,1,1,4,0,0,1,0.25978532433509827
1,1,1,5,0,0,1,0.29904046654701233
1,1,1,6,0,0,1,0.3588433563709259
1,1,1,7,0,1,0,0.22742918133735657
1,1,1,8,0,0,1,0.21574270725250244
1,1,1,9,0,0,1,0.27629175782203674
1,1,1,10,0,0,1,0.3089134693145752
1,1,1,11,0,1,0,0.2663199007511139
1,1,2,12,0,0,1,0.4725189507007599
1,1,2,13,0,0,1,0.2742547392845154
1,1,2,14,0,0,1,0.2750440835952759
1,1,2,15,0,0,1,0.4434799253940582
1,1,2,16,0,0,1,0.4040495753288269
1,1,2,17,0,0,1,0.29487231373786926
1,1,2,18,0,0,1,0.4559606909751892
1,1,2,19,0,0,1,0.4554663896560669
1,1,2,20,0,0,1,0.37430959939956665
1,1,2,21,0,0,1,0.4231870174407959
1,1,2,22,0,0,1,0.42134734988212585
1,1,3,23,0,0,1,0.48033571243286133
1,1,3,24,0,0,1,0.46688178181648254
1,1,3,25,0,0,1,0.48077839612960815
1,1,3,26,0,0,1,0.4271831214427948
1,1,3,27,0,3,0,0.40120694041252136
1,1,3,28,0,0,1,0.4038756489753723
1,1,3,29,0,0,1,0.41039136052131653
1,1,3,30,0,0,1,0.3447411060333252
1,1,3,31,0,0,1,0.4613417387008667
1,1,3,32,0,0,1,0.5045181512832642
1,1,3,33,0,0,1,0.3683640658855438
1,1,3,34,0,0,1,0.44958969950675964
1,1,3,35,0,0,1,0.463474303483963
1,1,3,36,0,0,1,0.40310221910476685
1,1,3,37,0,0,1,0.3827821612358093
1,1,3,38,0,0,1,0.43494123220443726
1,1,3,39,0,0,1,0.4577183127403259
1,1,3,40,0,0,1,0.4037533700466156
1,1,3,41,0,0,1,0.3612043857574463
1,1,3,42,0,0,1,0.3618099093437195
1,1,3,43,0,1,0,0.31123197078704834
1,1,4,44,0,1,0,0.2630665898323059
1,1,4,45,0,3,0,0.19712895154953003
1,1,4,46,0,0,1,0.445779025554657
1,1,4,47,0,3,0,0.4004712402820587
1,1,4,48,0,1,0,0.2861233055591583
1,1,4,49,0,3,0,0.1884773075580597
1,1,4,50,0,0,1,0.3059614896774292
1,1,4,51,0,2,0,0.4412904679775238
1,1,4,52,0,2,0,0.4294610321521759
1,1,4,53,0,2,0,0.3813292682170868
1,1,4,54,0,7,0,0.2940659523010254
1,1,4,55,0,2,0,0.27572423219680786
1,1,4,56,0,0,1,0.2604037821292877
1,1,4,57,0,2,0,0.24028833210468292
1,1,4,58,0,2,0,0.3069015443325043
1,1,5,59,0,3,0,0.1534384787082672
1,1,5,60,0,0,1,0.4145035147666931
1,1,5,61,0,0,1,0.4780127704143524
1,1,5,62,0,0,1,0.4355015456676483
1,1,5,63,0,0,1,0.4673696756362915
1,1,5,64,0,0,1,0.47905048727989197
1,1,5,65,0,0,1,0.44767650961875916
1,1,5,66,0,0,1,0.38046714663505554
1,1,5,67,0,0,1,0.431427925825119
1,1,5,68,0,0,1,0.5611268877983093
1,1,5,69,0,0,1,0.401134192943573
1,1,5,70,0,0,1,0.5030298829078674
1,1,5,71,0,0,1,0.36978963017463684
1,1,5,72,0,0,1,0.38821280002593994
1,1,5,73,0,6,0,0.46959546208381653
1,1,5,74,0,6,0,0.5199482440948486
1,1,5,75,0,6,0,0.4823513627052307
1,1,5,76,0,6,0,0.42746293544769287
1,1,6,77,0,1,0,0.3899552822113037
1,1,6,78,0,0,1,0.3963608145713806
1,1,6,79,0,0,1,0.3354147970676422
1,1,6,80,0,0,1,0.36317765712738037
1,1,6,81,0,0,1,0.43258222937583923
1,1,6,82,0,0,1,0.34027597308158875
1,1,6,83,0,0,1,0.45177555084228516
1,1,6,84,0,0,1,0.3367900550365448
1,1,6,85,0,0,1,0.3837651014328003
1,1,6,86,0,1,0,0.35631263256073
1,1,6,87,0,1,0,0.33921515941619873
1,1,6,88,0,0,1,0.3856244385242462
1,1,6,89,0,0,1,0.4106590151786804
1,1,6,90,0,1,0,0.45663982629776
1,1,6,91,0,6,0,0.21953490376472473
1,1,6,92,0,6,0,0.23920738697052002
1,1,6,93,0,6,0,0.21598754823207855
1,1,6,94,0,6,0,0.20604859292507172
1,2,1,95,1,1,1,0.3851252794265747
1,2,1,96,1,1,1,0.3061026930809021
1,2,1,97,1,1,1,0.4046538174152374
1,2,1,98,1,6,0,0.4045661985874176
1,2,1,99,1,1,1,0.31605005264282227
1,2,1,100,1,6,0,0.44471997022628784
1,2,1,101,1,6,0,0.4924275577068329
1,2,1,102,1,6,0,0.503365695476532
1,2,1,103,1,6,0,0.682403564453125
1,2,1,104,1,6,0,0.6618175506591797
1,2,1,105,1,6,0,0.2648099660873413
1,2,1,106,1,3,0,0.1895020753145218
1,2,2,107,1,1,1,0.4011710584163666
1,2,2,108,1,1,1,0.3601473569869995
1,2,2,109,1,1,1,0.3844369053840637
1,2,2,110,1,1,1,0.4245307445526123
1,2,2,111,1,1,1,0.4577012360095978
1,2,2,112,1,6,0,0.5776214599609375
1,2,2,113,1,6,0,0.48982948064804077
1,2,2,114,1,6,0,0.42973223328590393
1,2,2,115,1,6,0,0.5026342272758484
1,2,2,116,1,6,0,0.39567023515701294
1,2,2,117,1,1,1,0.4050110876560211
1,2,2,118,1,6,0,0.37254664301872253
1,2,2,119,1,6,0,0.45600199699401855
1,2,3,120,1,1,1,0.29796335101127625
1,2,3,121,1,1,1,0.27675893902778625
1,2,3,122,1,0,0,0.39613884687423706
1,2,3,123,1,0,0,0.390112042427063
1,2,3,124,1,1,1,0.36360788345336914
1,2,3,125,1,0,0,0.3941139280796051
1,2,3,126,1,0,0,0.4240652620792389
1,2,3,127,1,0,0,0.40763506293296814
1,2,3,128,1,0,0,0.3960491716861725
1,2,3,129,1,0,0,0.386918306350708
1,2,4,130,1,6,0,0.33925947546958923
1,2,4,131,1,1,1,0.42418473958969116
1,2,4,132,1,1,1,0.3817225396633148
1,2,4,133,1,0,0,0.37046465277671814
1,2,4,134,1,0,0,0.42249029874801636
1,2,4,135,1,6,0,0.24199391901493073
1,2,4,136,1,0,0,0.3045293986797333
1,2,4,137,1,6,0,0.45495378971099854
1,2,4,138,1,6,0,0.34326237440109253
1,2,4,139,1,0,0,0.2933673560619354
1,2,4,140,1,1,1,0.36601829528808594
1,2,4,141,1,6,0,0.47278669476509094
1,2,4,142,1,0,0,0.43249812722206116
1,2,4,143,1,6,0,0.30510374903678894
1,2,4,144,1,6,0,0.23270532488822937
1,2,4,145,1,6,0,0.18628045916557312
1,2,4,146,1,7,0,0.19242320954799652
1,2,5,147,1,0,0,0.295889288187027
1,2,5,148,1,0,0,0.33758994936943054
1,2,5,149,1,1,1,0.5475250482559204
1,2,5,150,1,1,1,0.4323970377445221
1,2,5,151,1,1,1,0.38409703969955444
1,2,5,152,1,0,0,0.4732338786125183
1,2,5,153,1,0,0,0.21032832562923431
1,2,6,154,1,6,0,0.4691237509250641
1,2,6,155,1,6,0,0.26609617471694946
1,2,6,156,1,1,1,0.4495173990726471
1,2,6,157,1,1,1,0.3725516200065613
1,2,6,158,1,1,1,0.4016112983226776
1,2,6,159,1,1,1,0.4392137825489044
1,2,6,160,1,0,0,0.3583383858203888
1,2,6,161,1,0,0,0.42221567034721375
1,3,1,162,2,2,1,0.4084745943546295
1,3,1,163,2,2,1,0.35611385107040405
1,3,1,164,2,1,0,0.2541623115539551
1,3,1,165,2,2,1,0.2853974997997284
1,3,1,166,2,2,1,0.4113229811191559
1,3,1,167,2,2,1,0.5788774490356445
1,3,1,168,2,2,1,0.25290486216545105
1,3,1,169,2,2,1,0.4863746762275696
1,3,1,170,2,2,1,0.4322753846645355
1,3,1,171,2,2,1,0.5136191844940186
1,3,1,172,2,2,1,0.3643931746482849
1,3,1,173,2,2,1,0.5988551378250122
1,3,1,174,2,2,1,0.539447546005249
1,3,1,175,2,1,0,0.4050971269607544
1,3,1,176,2,0,0,0.16373813152313232
1,3,2,177,2,6,0,0.23802420496940613
1,3,2,178,2,2,1,0.5090213418006897
1,3,2,179,2,2,1,0.42179420590400696
1,3,2,180,2,2,1,0.4175518751144409
1,3,2,181,2,2,1,0.5679426193237305
1,3,2,182,2,2,1,0.24702680110931396
1,3,2,183,2,2,1,0.723642885684967
1,3,2,184,2,2,1,0.5952281951904297
1,3,2,185,2,2,1,0.18556424975395203
1,3,2,186,2,0,0,0.2942415475845337
1,3,2,187,2,0,0,0.39893871545791626
1,3,3,188,2,6,0,0.24396267533302307
1,3,3,189,2,2,1,0.23809920251369476
1,3,3,190,2,2,1,0.30613112449645996
1,3,3,191,2,2,1,0.4295791685581207
1,3,3,192,2,2,1,0.36974477767944336
1,3,3,193,2,2,1,0.4873041808605194
1,3,3,194,2,2,1,0.6447547078132629
1,3,3,195,2,2,1,0.5970384478569031
1,3,3,196,2,2,1,0.6018603444099426
1,3,3,197,2,2,1,0.4982335567474365
1,3,3,198,2,2,1,0.6888056993484497
1,3,3,199,2,2,1,0.3312162160873413
1,3,3,200,2,2,1,0.35910454392433167
1,3,3,201,2,2,1,0.8538866639137268
1,3,3,202,2,1,0,0.2478531002998352
1,3,3,203,2,1,0,0.3592994213104248
1,3,4,204,2,4,0,0.1434997022151947
1,3,4,205,2,4,0,0.18253496289253235
1,3,4,206,2,2,1,0.3077898323535919
1,3,4,207,2,2,1,0.289401650428772
1,3,4,208,2,6,0,0.2537854313850403
1,3,4,209,2,2,1,0.4992886781692505
1,3,4,210,2,2,1,0.5630349516868591
1,3,4,211,2,2,1,0.667406439781189
1,3,4,212,2,2,1,0.23023280501365662
1,3,4,213,2,1,0,0.2847992777824402
1,3,5,214,2,2,1,0.5548068881034851
1,3,5,215,2,2,1,0.6313625574111938
1,3,5,216,2,2,1,0.7255362868309021
1,3,5,217,2,2,1,0.48056861758232117
1,3,5,218,2,2,1,0.6595582365989685
1,3,5,219,2,2,1,0.6866446733474731
1,3,5,220,2,2,1,0.4432228207588196
1,3,5,221,2,2,1,0.6266786456108093
1,3,5,222,2,2,1,0.5657528042793274
1,3,5,223,2,2,1,0.6986981630325317
1,3,5,224,2,1,0,0.25572454929351807
1,3,5,225,2,1,0,0.30080267786979675
1,3,5,226,2,1,0,0.1884690821170807
1,3,5,227,2,0,0,0.25206148624420166
1,3,5,228,2,3,0,0.3621182143688202
1,3,6,229,2,1,0,0.2136038839817047
1,3,6,230,2,1,0,0.23355309665203094
1,3,6,231,2,2,1,0.27713555097579956
1,3,6,232,2,4,0,0.260310560464859
1,3,6,233,2,2,1,0.31173810362815857
1,3,6,234,2,4,0,0.3080988824367523
1,3,6,235,2,4,0,0.22863537073135376
1,3,6,236,2,2,1,0.393157958984375
1,3,6,237,2,2,1,0.33275607228279114
1,3,6,238,2,2,1,0.44352972507476807
1,4,1,239,3,6,0,0.2418944090604782
1,4,1,240,3,3,1,0.35893112421035767
1,4,1,241,3,3,1,0.47932279109954834
1,4,1,242,3,3,1,0.9131743907928467
1,4,1,243,3,3,1,0.5785965323448181
1,4,1,244,3,3,1,0.7929604649543762
1,4,1,245,3,3,1,0.615689754486084
1,4,1,246,3,3,1,0.641993522644043
1,4,1,247,3,3,1,0.5816976428031921
1,4,1,248,3,3,1,0.4271034002304077
1,4,2,249,3,3,1,0.39935144782066345
1,4,2,250,3,3,1,0.3396986126899719
1,4,2,251,3,3,1,0.29131513833999634
1,4,2,252,3,3,1,0.5816766023635864
1,4,2,253,3,3,1,0.7696277499198914
1,4,2,254,3,3,1,0.4188435971736908
1,4,2,255,3,3,1,0.6810494065284729
1,4,2,256,3,3,1,0.2589665651321411
1,4,3,257,3,3,1,0.2520250082015991
1,4,3,258,3,3,1,0.2047126740217209
1,4,3,259,3,7,0,0.4722760021686554
1,4,3,260,3,3,1,0.2911653518676758
1,4,3,261,3,3,1,0.43812280893325806
1,4,3,262,3,3,1,0.3185817003250122
1,4,3,263,3,3,1,0.6351999044418335
1,4,3,264,3,3,1,0.5065029263496399
1,4,3,265,3,3,1,0.683896005153656
1,4,3,266,3,3,1,0.32849374413490295
1,4,4,267,3,1,0,0.2650395929813385
1,4,4,268,3,1,0,0.2484026998281479
1,4,4,269,3,3,1,0.48878365755081177
1,4,4,270,3,3,1,0.6350281834602356
1,4,4,271,3,3,1,0.7906354665756226
1,4,4,272,3,3,1,0.4232085645198822
1,4,4,273,3,3,1,0.38507404923439026
1,4,4,274,3,3,1,0.5753498673439026
1,4,4,275,3,3,1,0.31051263213157654
1,4,5,276,3,3,1,0.22558578848838806
1,4,5,277,3,3,1,0.23272699117660522
1,4,5,278,3,7,0,0.27758142352104187
1,4,5,279,3,3,1,0.3859851062297821
1,4,5,280,3,3,1,0.35778293013572693
1,4,5,281,3,3,1,0.4188951849937439
1,4,5,282,3,3,1,0.4353046119213104
1,4,5,283,3,3,1,0.4456043541431427
1,4,5,284,3,3,1,0.5659689903259277
1,4,5,285,3,3,1,0.5960964560508728
1,4,5,286,3,3,1,0.3591889441013336
1,4,5,287,3,0,0,0.23011016845703125
1,4,5,288,3,6,0,0.2928932309150696
1,4,6,289,3,3,1,0.20377643406391144
1,4,6,290,3,3,1,0.24869348108768463
1,4,6,291,3,3,1,0.17999042570590973
1,4,6,292,3,3,1,0.417420357465744
1,4,6,293,3,3,1,0.48990264534950256
1,4,6,294,3,3,1,0.3836989104747772
1,4,6,295,3,3,1,0.4079222083091736
1,4,6,296,3,3,1,0.6920180320739746
1,4,6,297,3,3,1,0.6507494449615479
1,4,6,298,3,3,1,0.5536258816719055
1,4,6,299,3,6,0,0.26175615191459656
1,5,1,300,4,4,1,0.761455774307251
1,5,1,301,4,4,1,0.7415589094161987
1,5,1,302,4,6,0,0.1999916285276413
1,5,1,303,4,6,0,0.3948831260204315
1,5,2,304,4,6,0,0.20311902463436127
1,5,2,305,4,8,0,0.1533203125
1,5,2,306,4,0,0,0.17746445536613464
1,5,2,307,4,4,1,0.5265608429908752
1,5,2,308,4,4,1,0.6833920478820801
1,5,2,309,4,4,1,0.5005905628204346
1,5,2,310,4,4,1,0.7890763878822327
1,5,2,311,4,4,1,0.8274086117744446
1,5,2,312,4,4,1,0.8581951856613159
1,5,2,313,4,4,1,0.8656753301620483
1,5,2,314,4,4,1,0.4586048424243927
1,5,2,315,4,5,0,0.21764740347862244
1,5,2,316,4,4,1,0.16117091476917267
1,5,3,317,4,4,1,0.4048592746257782
1,5,3,318,4,4,1,0.8576080203056335
1,5,3,319,4,4,1,0.7794190049171448
1,5,3,320,4,4,1,0.824653685092926
1,5,3,321,4,4,1,0.7934369444847107
1,5,3,322,4,4,1,0.8067651987075806
1,5,3,323,4,4,1,0.6447429060935974
1,5,3,324,4,4,1,0.30510231852531433
1,5,3,325,4,6,0,0.31992217898368835
1,5,3,326,4,6,0,0.36048927903175354
1,5,3,327,4,6,0,0.2633800506591797
1,5,3,328,4,7,0,0.16376632452011108
1,5,4,329,4,4,1,0.43052616715431213
1,5,4,330,4,4,1,0.36323124170303345
1,5,4,331,4,4,1,0.5133047699928284
1,5,4,332,4,4,1,0.6947715878486633
1,5,4,333,4,4,1,0.7987645268440247
1,5,4,334,4,4,1,0.9365216493606567
1,5,4,335,4,4,1,0.8828545808792114
1,5,4,336,4,4,1,0.5693223476409912
1,5,4,337,4,4,1,0.7313560247421265
1,5,4,338,4,4,1,0.7238235473632812
1,5,4,339,4,4,1,0.7863547205924988
1,5,4,340,4,4,1,0.7768371105194092
1,5,4,341,4,4,1,0.7911750078201294
1,5,4,342,4,4,1,0.593295156955719
1,5,4,343,4,4,1,0.22284366190433502
1,5,4,344,4,6,0,0.21949221193790436
1,5,5,345,4,4,1,0.16209007799625397
1,5,5,346,4,4,1,0.16034090518951416
1,5,5,347,4,8,0,0.285826712846756
1,5,5,348,4,4,1,0.8946899771690369
1,5,5,349,4,4,1,0.821563184261322
1,5,5,350,4,4,1,0.8795109987258911
1,5,5,351,4,4,1,0.4902653694152832
1,5,5,352,4,4,1,0.817993700504303
1,5,5,353,4,4,1,0.8061257004737854
1,5,5,354,4,4,1,0.7899919152259827
1,5,5,355,4,4,1,0.1940000355243683
1,5,5,356,4,6,0,0.30597594380378723
1,5,5,357,4,6,0,0.3331122100353241
1,5,5,358,4,4,1,0.24109895527362823
1,5,6,359,4,4,1,0.35727694630622864
1,5,6,360,4,4,1,0.3811521530151367
1,5,6,361,4,4,1,0.563616931438446
1,5,6,362,4,4,1,0.5903075337409973
1,5,6,363,4,4,1,0.5719221830368042
1,5,6,364,4,4,1,0.575247585773468
1,5,6,365,4,4,1,0.6976423859596252
1,5,6,366,4,4,1,0.7955584526062012
1,5,6,367,4,4,1,0.6177545785903931
1,5,6,368,4,4,1,0.7385993003845215
1,5,6,369,4,4,1,0.830521285533905
1,5,6,370,4,4,1,0.6672149896621704
1,5,6,371,4,4,1,0.7871231436729431
1,5,6,372,4,4,1,0.8027963042259216
1,5,6,373,4,4,1,0.2106637805700302
1,5,6,374,4,6,0,0.2804969549179077
1,5,6,375,4,6,0,0.31043750047683716
1,6,1,376,5,6,0,0.4718272387981415
1,6,1,377,5,6,0,0.5474182367324829
1,6,1,378,5,5,1,0.5016100406646729
1,6,1,379,5,6,0,0.7170289158821106
1,6,1,380,5,6,0,0.7428827285766602
1,6,1,381,5,5,1,0.5814119577407837
1,6,1,382,5,5,1,0.38280490040779114
1,6,1,383,5,4,0,0.29914021492004395
1,6,1,384,5,1,0,0.26668408513069153
1,6,2,385,5,6,0,0.18901386857032776
1,6,2,386,5,5,1,0.18022370338439941
1,6,2,387,5,6,0,0.3532639741897583
1,6,2,388,5,6,0,0.7494062185287476
1,6,2,389,5,6,0,0.5236763954162598
1,6,2,390,5,5,1,0.5092177391052246
1,6,2,391,5,5,1,0.3753354251384735
1,6,2,392,5,6,0,0.4526289701461792
1,6,2,393,5,6,0,0.34810948371887207
1,6,2,394,5,4,0,0.3905009627342224
1,6,2,395,5,6,0,0.21611441671848297
1,6,3,396,5,6,0,0.6372908353805542
1,6,3,397,5,5,1,0.6374638080596924
1,6,3,398,5,5,1,0.6148754954338074
1,6,3,399,5,5,1,0.5854480862617493
1,6,3,400,5,5,1,0.6369354128837585
1,6,3,401,5,5,1,0.5917343497276306
1,6,3,402,5,5,1,0.7100102305412292
1,6,3,403,5,5,1,0.42092037200927734
1,6,3,404,5,5,1,0.5769979953765869
1,6,3,405,5,6,0,0.5505697131156921
1,6,3,406,5,5,1,0.428065687417984
1,6,3,407,5,5,1,0.30124008655548096
1,6,3,408,5,5,1,0.16498570144176483
1,6,3,409,5,6,0,0.5740176439285278
1,6,3,410,5,6,0,0.5278773307800293
1,6,4,411,5,4,0,0.20921288430690765
1,6,4,412,5,8,0,0.23717035353183746
1,6,4,413,5,3,0,0.34150153398513794
1,6,4,414,5,8,0,0.2573238015174866
1,6,4,415,5,4,0,0.32756873965263367
1,6,4,416,5,9,0,0.32963934540748596
1,6,4,417,5,9,0,0.48803526163101196
1,6,4,418,5,9,0,0.34370437264442444
1,6,4,419,5,9,0,0.3283919394016266
1,6,4,420,5,9,0,0.2878510355949402
1,6,4,421,5,1,0,0.3105352520942688
1,6,4,422,5,4,0,0.25034263730049133
1,6,4,423,5,4,0,0.19693049788475037
1,6,4,424,5,9,0,0.24398626387119293
1,6,5,425,5,6,0,0.2623990476131439
1,6,5,426,5,6,0,0.4320802390575409
1,6,5,427,5,6,0,0.32218730449676514
1,6,5,428,5,6,0,0.5332772135734558
1,6,5,429,5,5,1,0.47673851251602173
1,6,5,430,5,5,1,0.6653931140899658
1,6,5,431,5,5,1,0.4632306694984436
1,6,5,432,5,6,0,0.5502394437789917
1,6,5,433,5,5,1,0.7871427536010742
1,6,5,434,5,6,0,0.36901742219924927
1,6,5,435,5,6,0,0.5747713446617126
1,6,5,436,5,6,0,0.5048289895057678
1,6,5,437,5,6,0,0.3206961750984192
1,6,5,438,5,3,0,0.19896166026592255
1,6,5,439,5,6,0,0.3185468018054962
1,6,5,440,5,6,0,0.32036086916923523
1,6,6,441,5,6,0,0.5610414147377014
1,6,6,442,5,6,0,0.5595778226852417
1,6,6,443,5,5,1,0.4040069580078125
1,6,6,444,5,5,1,0.5635033845901489
1,6,6,445,5,5,1,0.6273290514945984
1,6,6,446,5,5,1,0.478843092918396
1,6,6,447,5,5,1,0.5191265940666199
1,6,6,448,5,5,1,0.6130677461624146
1,6,6,449,5,6,0,0.5463584065437317
1,6,6,450,5,6,0,0.555487334728241
1,6,6,451,5,6,0,0.3798554539680481
1,6,6,452,5,6,0,0.6232341527938843
1,6,6,453,5,6,0,0.5621741414070129
1,6,6,454,5,6,0,0.417769193649292
1,6,6,455,5,8,0,0.19295519590377808
1,6,6,456,5,8,0,0.23346351087093353
1,6,6,457,5,4,0,0.1895700991153717
1,7,1,458,6,6,1,0.49625805020332336
1,7,1,459,6,5,0,0.41517165303230286
1,7,1,460,6,5,0,0.5021655559539795
1,7,1,461,6,5,0,0.5168076157569885
1,7,1,462,6,6,1,0.8729742765426636
1,7,1,463,6,6,1,0.6868130564689636
1,7,1,464,6,6,1,0.21790292859077454
1,7,1,465,6,6,1,0.24218244850635529
1,7,1,466,6,6,1,0.41020941734313965
1,7,1,467,6,6,1,0.43526381254196167
1,7,2,468,6,6,1,0.23584090173244476
1,7,2,469,6,6,1,0.358889639377594
1,7,2,470,6,6,1,0.3165953755378723
1,7,2,471,6,6,1,0.4579615294933319
1,7,2,472,6,6,1,0.6646853089332581
1,7,2,473,6,6,1,0.4592836797237396
1,7,2,474,6,1,0,0.3062894642353058
1,7,2,475,6,1,0,0.3187534809112549
1,7,2,476,6,6,1,0.2810877561569214
1,7,2,477,6,6,1,0.399189293384552
1,7,2,478,6,6,1,0.7004896998405457
1,7,2,479,6,6,1,0.41946759819984436
1,7,2,480,6,6,1,0.5209441184997559
1,7,2,481,6,6,1,0.43556100130081177
1,7,2,482,6,4,0,0.27285435795783997
1,7,2,483,6,6,1,0.2675161361694336
1,7,2,484,6,6,1,0.23102684319019318
1,7,2,485,6,5,0,0.3162224292755127
1,7,2,486,6,6,1,0.6880272030830383
1,7,2,487,6,5,0,0.35103097558021545
1,7,2,488,6,6,1,0.3315964341163635
1,7,2,489,6,4,0,0.44073009490966797
1,7,3,490,6,6,1,0.5668057799339294
1,7,3,491,6,6,1,0.7556424140930176
1,7,3,492,6,6,1,0.5658886432647705
1,7,3,493,6,6,1,0.7091180086135864
1,7,3,494,6,6,1,0.6861680746078491
1,7,3,495,6,6,1,0.7324378490447998
1,7,3,496,6,6,1,0.8450538516044617
1,7,3,497,6,6,1,0.43261998891830444
1,7,3,498,6,6,1,0.34910720586776733
1,7,3,499,6,6,1,0.2858025133609772
1,7,3,500,6,6,1,0.21041886508464813
1,7,4,501,6,6,1,0.33286377787590027
1,7,4,502,6,6,1,0.5363235473632812
1,7,4,503,6,6,1,0.5647567510604858
1,7,4,504,6,6,1,0.3307937979698181
1,7,4,505,6,6,1,0.31014949083328247
1,7,4,506,6,6,1,0.5800703763961792
1,7,4,507,6,6,1,0.4522915482521057
1,7,4,508,6,6,1,0.6554669737815857
1,7,4,509,6,6,1,0.7147394418716431
1,7,4,510,6,6,1,0.463515043258667
1,7,4,511,6,6,1,0.8898288607597351
1,7,4,512,6,6,1,0.8641725778579712
1,7,4,513,6,6,1,0.4121945798397064
1,7,4,514,6,6,1,0.7288196682929993
1,7,4,515,6,6,1,0.8094632625579834
1,7,4,516,6,6,1,0.4784383475780487
1,7,4,517,6,6,1,0.5486796498298645
1,7,4,518,6,6,1,0.42936772108078003
1,7,5,519,6,6,1,0.31132206320762634
1,7,5,520,6,6,1,0.6325897574424744
1,7,5,521,6,6,1,0.49347633123397827
1,7,5,522,6,6,1,0.7157559990882874
1,7,5,523,6,6,1,0.6182435750961304
1,7,5,524,6,6,1,0.8336629867553711
1,7,5,525,6,6,1,0.3855956792831421
1,7,5,526,6,5,0,0.4286591410636902
1,7,5,527,6,6,1,0.8049109578132629
1,7,5,528,6,6,1,0.8096275925636292
1,7,5,529,6,6,1,0.5514287948608398
1,7,5,530,6,6,1,0.6111171245574951
1,7,5,531,6,6,1,0.5689042806625366
1,7,5,532,6,6,1,0.6822634339332581
1,7,5,533,6,6,1,0.4673771858215332
1,7,5,534,6,2,0,0.16609099507331848
1,7,6,535,6,6,1,0.7080820798873901
1,7,6,536,6,6,1,0.5797545909881592
1,7,6,537,6,6,1,0.42203906178474426
1,7,6,538,6,6,1,0.30612093210220337
1,7,6,539,6,5,0,0.3067680895328522
1,7,6,540,6,6,1,0.34476834535598755
1,7,6,541,6,6,1,0.2846355140209198
1,8,1,542,7,7,1,0.8039805293083191
1,8,1,543,7,7,1,0.8425991535186768
1,8,1,544,7,7,1,0.8438218832015991
1,8,1,545,7,7,1,0.822847306728363
1,8,1,546,7,7,1,0.8551149368286133
1,8,1,547,7,7,1,0.7230106592178345
1,8,1,548,7,7,1,0.8702221512794495
1,8,1,549,7,7,1,0.39601460099220276
1,8,1,550,7,7,1,0.6837162375450134
1,8,1,551,7,7,1,0.3431852459907532
1,8,1,552,7,6,0,0.45568323135375977
1,8,1,553,7,6,0,0.4744008779525757
1,8,1,554,7,6,0,0.4365692436695099
1,8,1,555,7,6,0,0.6014096140861511
1,8,1,556,7,6,0,0.46822234988212585
1,8,1,557,7,6,0,0.4337642192840576
1,8,2,558,7,7,1,0.5426924824714661
1,8,2,559,7,7,1,0.6687110066413879
1,8,2,560,7,7,1,0.6773395538330078
1,8,2,561,7,3,0,0.31006282567977905
1,8,2,562,7,7,1,0.333780974149704
1,8,2,563,7,7,1,0.5125489234924316
1,8,2,564,7,7,1,0.3072957396507263
1,8,2,565,7,4,0,0.32629266381263733
1,8,2,566,7,7,1,0.19734281301498413
1,8,2,567,7,6,0,0.17388638854026794
1,8,2,568,7,6,0,0.4344252943992615
1,8,2,569,7,6,0,0.28712815046310425
1,8,2,570,7,6,0,0.1963864266872406
1,8,2,571,7,8,0,0.261248379945755
1,8,2,572,7,8,0,0.27116602659225464
1,8,3,573,7,7,1,0.39756548404693604
1,8,3,574,7,7,1,0.7201141119003296
1,8,3,575,7,7,1,0.8665075898170471
1,8,3,576,7,7,1,0.8149333000183105
1,8,3,577,7,7,1,0.9155732989311218
1,8,3,578,7,7,1,0.8492647409439087
1,8,3,579,7,7,1,0.7751695513725281
1,8,3,580,7,7,1,0.6048086881637573
1,8,3,581,7,7,1,0.6225986480712891
1,8,3,582,7,7,1,0.8314303755760193
1,8,3,583,7,7,1,0.7855889201164246
1,8,3,584,7,7,1,0.7618733048439026
1,8,3,585,7,8,0,0.21768465638160706
1,8,3,586,7,7,1,0.32727929949760437
1,8,3,587,7,6,0,0.28421828150749207
1,8,3,588,7,6,0,0.49393758177757263
1,8,4,589,7,8,0,0.34432095289230347
1,8,4,590,7,7,1,0.3603117763996124
1,8,4,591,7,7,1,0.4512922167778015
1,8,4,592,7,7,1,0.4359174072742462
1,8,4,593,7,7,1,0.39918896555900574
1,8,4,594,7,7,1,0.5767180919647217
1,8,4,595,7,7,1,0.6137430667877197
1,8,4,596,7,7,1,0.7681280374526978
1,8,4,597,7,7,1,0.7852989435195923
1,8,4,598,7,7,1,0.679142415523529
1,8,4,599,7,7,1,0.8872644305229187
1,8,4,600,7,7,1,0.913123607635498
1,8,4,601,7,7,1,0.9566233158111572
1,8,4,602,7,7,1,0.7775952219963074
1,8,4,603,7,7,1,0.43875208497047424
1,8,4,604,7,4,0,0.18552511930465698
1,8,4,605,7,7,1,0.25545936822891235
1,8,4,606,7,4,0,0.22582022845745087
1,8,5,607,7,8,0,0.2985003590583801
1,8,5,608,7,8,0,0.30385854840278625
1,8,5,609,7,7,1,0.9116255640983582
1,8,5,610,7,7,1,0.44327476620674133
1,8,5,611,7,7,1,0.6097221374511719
1,8,5,612,7,6,0,0.4754091203212738
1,8,6,613,7,7,1,0.35241642594337463
1,8,6,614,7,7,1,0.47610747814178467
1,8,6,615,7,7,1,0.5382359027862549
1,8,6,616,7,7,1,0.6030893325805664
1,8,6,617,7,7,1,0.922601580619812
1,8,6,618,7,7,1,0.8216017484664917
1,8,6,619,7,7,1,0.7786045670509338
1,8,6,620,7,7,1,0.8446986675262451
1,8,6,621,7,7,1,0.7834045886993408
1,8,6,622,7,7,1,0.3967009484767914
1,8,6,623,7,7,1,0.7086942791938782
1,8,6,624,7,7,1,0.5821765661239624
1,8,6,625,7,7,1,0.30483609437942505
1,8,6,626,7,7,1,0.13941527903079987
1,8,6,627,7,7,1,0.15807414054870605
1,9,1,628,8,8,1,0.40138697624206543
1,9,1,629,8,8,1,0.3367922604084015
1,9,1,630,8,0,0,0.24296146631240845
1,9,1,631,8,8,1,0.2747107744216919
1,9,1,632,8,8,1,0.4451233744621277
1,9,1,633,8,8,1,0.4345386028289795
1,9,1,634,8,8,1,0.4422883093357086
1,9,1,635,8,8,1,0.4284110963344574
1,9,1,636,8,8,1,0.5483516454696655
1,9,2,637,8,9,0,0.22212237119674683
1,9,2,638,8,9,0,0.31887051463127136
1,9,2,639,8,9,0,0.2542298138141632
1,9,2,640,8,9,0,0.37577056884765625
1,9,2,641,8,8,1,0.30914562940597534
1,9,2,642,8,8,1,0.3458784222602844
1,9,2,643,8,8,1,0.5444806218147278
1,9,2,644,8,8,1,0.45846623182296753
1,9,2,645,8,8,1,0.43777039647102356
1,9,2,646,8,9,0,0.4314936101436615
1,9,3,647,8,8,1,0.3597531020641327
1,9,3,648,8,8,1,0.6179612278938293
1,9,3,649,8,8,1,0.6932749152183533
1,9,3,650,8,8,1,0.6251998543739319
1,9,3,651,8,8,1,0.864658772945404
1,9,3,652,8,8,1,0.8862721920013428
1,9,3,653,8,8,1,0.8934385776519775
1,9,3,654,8,8,1,0.7358906865119934
1,9,3,655,8,4,0,0.25873446464538574
1,9,4,656,8,8,1,0.5720943212509155
1,9,4,657,8,8,1,0.5562669634819031
1,9,4,658,8,8,1,0.7600734829902649
1,9,4,659,8,8,1,0.7080220580101013
1,9,4,660,8,8,1,0.986950695514679
1,9,4,661,8,8,1,0.9620141983032227
1,9,4,662,8,8,1,0.9389245510101318
1,9,4,663,8,8,1,0.937042236328125
1,9,4,664,8,8,1,0.8325930237770081
1,9,4,665,8,8,1,0.8939007520675659
1,9,4,666,8,8,1,0.9116591811180115
1,9,4,667,8,8,1,0.719830334186554
1,9,5,668,8,8,1,0.4032387435436249
1,9,5,669,8,8,1,0.49585890769958496
1,9,5,670,8,8,1,0.6547079682350159
1,9,5,671,8,9,0,0.49214693903923035
1,9,5,672,8,8,1,0.5171159505844116
1,9,5,673,8,8,1,0.6683133840560913
1,9,5,674,8,8,1,0.3155752420425415
1,9,5,675,8,8,1,0.6432002782821655
1,9,5,676,8,8,1,0.4677202105522156
1,9,5,677,8,8,1,0.5427960157394409
1,9,6,678,8,7,0,0.20193831622600555
1,9,6,679,8,0,0,0.2847936749458313
1,9,6,680,8,0,0,0.19655878841876984
1,9,6,681,8,8,1,0.21604368090629578
1,9,6,682,8,7,0,0.20003452897071838
1,9,6,683,8,8,1,0.23871846497058868
1,9,6,684,8,9,0,0.24782364070415497
1,9,6,685,8,8,1,0.43072691559791565
1,9,6,686,8,8,1,0.7321674823760986
1,9,6,687,8,8,1,0.6624796390533447
1,9,6,688,8,8,1,0.37039121985435486
1,9,6,689,8,8,1,0.7421460151672363
1,9,6,690,8,8,1,0.7152109742164612
1,9,6,691,8,8,1,0.5065734386444092
1,9,6,692,8,9,0,0.45450127124786377
1,9,6,693,8,8,1,0.5061769485473633
1,10,1,694,9,9,1,0.18429061770439148
1,10,1,695,9,9,1,0.32420027256011963
1,10,1,696,9,9,1,0.43351033329963684
1,10,1,697,9,9,1,0.49734294414520264
1,10,1,698,9,9,1,0.5553358793258667
1,10,1,699,9,9,1,0.355348140001297
1,10,1,700,9,9,1,0.2836192548274994
1,10,1,701,9,9,1,0.48769479990005493
1,10,1,702,9,9,1,0.29937008023262024
1,10,1,703,9,9,1,0.45408862829208374
1,10,2,704,9,9,1,0.5285395979881287
1,10,2,705,9,9,1,0.5865201950073242
1,10,2,706,9,9,1,0.47550541162490845
1,10,2,707,9,9,1,0.34531643986701965
1,10,2,708,9,9,1,0.3277420997619629
1,10,2,709,9,9,1,0.5877150297164917
1,10,2,710,9,0,0,0.26254987716674805
1,10,2,711,9,8,0,0.3243609368801117
1,10,2,712,9,8,0,0.39152762293815613
1,10,3,713,9,8,0,0.41409212350845337
1,10,3,714,9,8,0,0.6097909212112427
1,10,3,715,9,9,1,0.4079132080078125
1,10,3,716,9,9,1,0.5167304873466492
1,10,3,717,9,9,1,0.4846002161502838
1,10,3,718,9,9,1,0.480977326631546
1,10,3,719,9,9,1,0.42240220308303833
1,10,3,720,9,9,1,0.5156199336051941
1,10,3,721,9,9,1,0.5706030130386353
1,10,3,722,9,9,1,0.474187970161438
1,10,3,723,9,9,1,0.3776920735836029
1,10,4,724,9,8,0,0.36245882511138916
1,10,4,725,9,9,1,0.49530625343322754
1,10,4,726,9,9,1,0.33957916498184204
1,10,4,727,9,9,1,0.44836878776550293
1,10,4,728,9,9,1,0.5999621152877808
1,10,4,729,9,9,1,0.585862934589386
1,10,4,730,9,9,1,0.6669659614562988
1,10,4,731,9,9,1,0.5218771696090698
1,10,4,732,9,9,1,0.2904044985771179
1,10,5,733,9,9,1,0.5080975294113159
1,10,5,734,9,9,1,0.2881738245487213
1,10,5,735,9,9,1,0.3373708724975586
1,10,5,736,9,9,1,0.4518622159957886
1,10,5,737,9,9,1,0.6707057356834412
1,10,5,738,9,9,1,0.4640943706035614
1,10,5,739,9,8,0,0.36968475580215454
1,10,5,740,9,9,1,0.30691006779670715
1,10,5,741,9,9,1,0.16839684545993805
1,10,5,742,9,6,0,0.1324383169412613
1,10,5,743,9,8,0,0.24491660296916962
1,10,6,744,9,8,0,0.2250145673751831
1,10,6,745,9,9,1,0.45792439579963684
1,10,6,746,9,9,1,0.4731510281562805
1,10,6,747,9,9,1,0.5595946311950684
1,10,6,748,9,9,1,0.34598278999328613
1,10,6,749,9,9,1,0.5287733674049377
1,10,6,750,9,9,1,0.47769853472709656
1,10,6,751,9,4,0,0.1499680131673813
1,10,6,752,9,8,0,0.3207120895385742
1,1,1,753,0,0,1,0.3237636983394623
1,1,1,754,0,0,1,0.4916098415851593
1,1,1,755,0,0,1,0.49101176857948303
1,1,1,756,0,0,1,0.49951303005218506
1,1,1,757,0,0,1,0.6897463202476501
1,1,1,758,0,0,1,0.5575061440467834
1,1,1,759,0,0,1,0.5927081108093262
1,1,1,760,0,0,1,0.5960793495178223
1,1,1,761,0,0,1,0.7612504959106445
1,1,1,762,0,9,0,0.4698772728443146
1,1,1,763,0,0,1,0.5278807282447815
1,1,1,764,0,0,1,0.6274157166481018
1,1,1,765,0,0,1,0.6522863507270813
1,1,1,766,0,0,1,0.5638965964317322
1,1,2,767,0,1,0,0.45790979266166687
1,1,2,768,0,9,0,0.2853838801383972
1,1,2,769,0,0,1,0.42151206731796265
1,1,2,770,0,0,1,0.3957351744174957
1,1,2,771,0,0,1,0.3632284998893738
1,1,2,772,0,0,1,0.6373538374900818
1,1,2,773,0,0,1,0.6433640718460083
1,1,2,774,0,0,1,0.7489273548126221
1,1,2,775,0,0,1,0.5990030765533447
1,1,2,776,0,0,1,0.739403486251831
1,1,2,777,0,0,1,0.6686197519302368
1,1,2,778,0,0,1,0.7800090909004211
1,1,2,779,0,0,1,0.7546895146369934
1,1,3,780,0,0,1,0.17739318311214447
1,1,3,781,0,0,1,0.25517022609710693
1,1,3,782,0,0,1,0.25204357504844666
1,1,3,783,0,0,1,0.2945713400840759
1,1,3,784,0,0,1,0.27714431285858154
1,1,3,785,0,0,1,0.37970229983329773
1,1,3,786,0,0,1,0.49140235781669617
1,1,3,787,0,0,1,0.6109703779220581
1,1,3,788,0,0,1,0.583601713180542
1,1,3,789,0,0,1,0.6809400916099548
1,1,3,790,0,0,1,0.4123043715953827
1,1,3,791,0,0,1,0.6070661544799805
1,1,3,792,0,0,1,0.7085954546928406
1,1,3,793,0,0,1,0.8157865405082703
1,1,3,794,0,0,1,0.573186457157135
1,1,3,795,0,0,1,0.5010774731636047
1,1,3,796,0,0,1,0.6405649781227112
1,1,3,797,0,0,1,0.7269464135169983
1,1,3,798,0,4,0,0.326436847448349
1,1,3,799,0,4,0,0.2351904660463333
1,1,3,800,0,6,0,0.1568988710641861
1,1,4,801,0,1,0,0.328893780708313
1,1,4,802,0,0,1,0.3410743176937103
1,1,4,803,0,9,0,0.4575938284397125
1,1,4,804,0,0,1,0.8037412166595459
1,1,4,805,0,0,1,0.8804554343223572
1,1,4,806,0,0,1,0.6264834403991699
1,1,4,807,0,0,1,0.4115971028804779
1,1,4,808,0,0,1,0.8717037439346313
1,1,4,809,0,0,1,0.8517926335334778
1,1,4,810,0,0,1,0.8000547289848328
1,1,4,811,0,0,1,0.6484400629997253
1,1,4,812,0,0,1,0.602367103099823
1,1,4,813,0,0,1,0.7851284742355347
1,1,4,814,0,9,0,0.6884073615074158
1,1,4,815,0,0,1,0.5312281250953674
1,1,4,816,0,0,1,0.4360148310661316
1,1,4,817,0,9,0,0.4475555419921875
1,1,4,818,0,0,1,0.5743474960327148
1,1,4,819,0,0,1,0.22060717642307281
1,1,4,820,0,0,1,0.1815670132637024
1,1,4,821,0,0,1,0.18234245479106903
1,1,5,822,0,0,1,0.34144097566604614
1,1,5,823,0,0,1,0.3930588662624359
1,1,5,824,0,0,1,0.3131840229034424
1,1,5,825,0,0,1,0.37783563137054443
1,1,5,826,0,0,1,0.5327638983726501
1,1,5,827,0,9,0,0.7382315397262573
1,1,5,828,0,0,1,0.7116870284080505
1,1,5,829,0,0,1,0.789797306060791
1,1,5,830,0,0,1,0.6733670830726624
1,1,5,831,0,0,1,0.6260526776313782
1,1,5,832,0,0,1,0.4888728857040405
1,1,5,833,0,0,1,0.6992577314376831
1,1,5,834,0,0,1,0.4287498891353607
1,1,5,835,0,9,0,0.34866806864738464
1,1,5,836,0,8,0,0.4104095697402954
1,1,5,837,0,0,1,0.41681426763534546
1,1,5,838,0,0,1,0.5431175231933594
1,1,5,839,0,9,0,0.4182932376861572
1,1,5,840,0,0,1,0.4761868119239807
1,1,5,841,0,9,0,0.5118221640586853
1,1,5,842,0,9,0,0.6458488702774048
1,1,5,843,0,9,0,0.611445963382721
1,1,5,844,0,9,0,0.5426773428916931
1,1,5,845,0,9,0,0.5290047526359558
1,1,5,846,0,0,1,0.5804304480552673
1,1,5,847,0,6,0,0.32123905420303345
1,1,6,848,0,1,0,0.5224987864494324
1,1,6,849,0,9,0,0.505666196346283
1,1,6,850,0,0,1,0.47543302178382874
1,1,6,851,0,0,1,0.5451585650444031
1,1,6,852,0,0,1,0.4763244092464447
1,1,6,853,0,0,1,0.5521646738052368
1,1,6,854,0,0,1,0.6314194202423096
1,1,6,855,0,0,1,0.8098556399345398
1,1,6,856,0,0,1,0.7386590838432312
1,1,6,857,0,0,1,0.6224400401115417
1,1,6,858,0,0,1,0.49206066131591797
1,1,6,859,0,9,0,0.453941285610199
1,1,6,860,0,2,0,0.16239380836486816
1,1,6,861,0,1,0,0.24049904942512512
1,2,1,862,1,0,0,0.31623712182044983
1,2,1,863,1,1,1,0.5952765345573425
1,2,1,864,1,0,0,0.29992783069610596
1,2,1,865,1,0,0,0.33166179060935974
1,2,1,866,1,3,0,0.5435845255851746
1,2,1,867,1,3,0,0.7171231508255005
1,2,1,868,1,3,0,0.5705660581588745
1,2,1,869,1,2,0,0.4833250045776367
1,2,1,870,1,1,1,0.5472303032875061
1,2,1,871,1,1,1,0.3805416226387024
1,2,1,872,1,1,1,0.6852371692657471
1,2,1,873,1,6,0,0.23366445302963257
1,2,2,874,1,0,0,0.3101310133934021
1,2,2,875,1,0,0,0.2125236839056015
1,2,2,876,1,0,0,0.22327552735805511
1,2,2,877,1,1,1,0.38772162795066833
1,2,2,878,1,1,1,0.7550257444381714
1,2,2,879,1,1,1,0.5825694799423218
1,2,2,880,1,1,1,0.4881231486797333
1,2,2,881,1,8,0,0.21997378766536713
1,2,3,882,1,0,0,0.2753960192203522
1,2,3,883,1,6,0,0.2822793424129486
1,2,3,884,1,1,1,0.5386673808097839
1,2,3,885,1,1,1,0.7056904435157776
1,2,3,886,1,1,1,0.796669065952301
1,2,3,887,1,1,1,0.8650492429733276
1,2,3,888,1,1,1,0.5421342253684998
1,2,3,889,1,1,1,0.839859127998352
1,2,3,890,1,1,1,0.6368574500083923
1,2,3,891,1,1,1,0.5855662822723389
1,2,3,892,1,1,1,0.21254728734493256
1,2,3,893,1,8,0,0.1974315196275711
1,2,4,894,1,0,0,0.2425321489572525
1,2,4,895,1,6,0,0.35371512174606323
1,2,4,896,1,0,0,0.3242221474647522
1,2,4,897,1,0,0,0.19746999442577362
1,2,4,898,1,1,1,0.4044027030467987
1,2,4,899,1,1,1,0.7425700426101685
1,2,4,900,1,1,1,0.5543299317359924
1,2,4,901,1,1,1,0.5061834454536438
1,2,4,902,1,1,1,0.8103919625282288
1,2,4,903,1,1,1,0.8904300332069397
1,2,4,904,1,1,1,0.7791072726249695
1,2,4,905,1,1,1,0.660020649433136
1,2,4,906,1,1,1,0.6850161552429199
1,2,4,907,1,1,1,0.6145146489143372
1,2,4,908,1,1,1,0.6881569623947144
1,2,4,909,1,1,1,0.7641459107398987
1,2,4,910,1,4,0,0.22713027894496918
1,2,5,911,1,8,0,0.19440865516662598
1,2,5,912,1,1,1,0.7607009410858154
1,2,5,913,1,1,1,0.6616402864456177
1,2,5,914,1,1,1,0.6089302897453308
1,2,5,915,1,1,1,0.6884000897407532
1,2,5,916,1,1,1,0.8693214058876038
1,2,5,917,1,4,0,0.22385184466838837
1,2,5,918,1,8,0,0.32020679116249084
1,2,6,919,1,6,0,0.5140546560287476
1,2,6,920,1,6,0,0.44145581126213074
1,2,6,921,1,6,0,0.476965993642807
1,2,6,922,1,6,0,0.5546553730964661
1,2,6,923,1,1,1,0.29970112442970276
1,2,6,924,1,9,0,0.16879476606845856
1,2,6,925,1,9,0,0.19955387711524963
1,2,6,926,1,4,0,0.203212171792984
1,2,6,927,1,8,0,0.2089177370071411
1,3,1,928,2,8,0,0.3313201367855072
1,3,1,929,2,2,1,0.6224973201751709
1,3,1,930,2,2,1,0.8926845788955688
1,3,1,931,2,2,1,0.753940224647522
1,3,1,932,2,2,1,0.5756465196609497
1,3,1,933,2,2,1,0.8531548380851746
1,3,1,934,2,2,1,0.6692739725112915
1,3,1,935,2,2,1,0.5518844723701477
1,3,1,936,2,2,1,0.4414978325366974
1,3,1,937,2,1,0,0.39046525955200195
1,3,1,938,2,1,0,0.41829243302345276
1,3,2,939,2,1,0,0.3814816474914551
1,3,2,940,2,1,0,0.46752211451530457
1,3,2,941,2,1,0,0.5163686275482178
1,3,2,942,2,1,0,0.28862157464027405
1,3,2,943,2,2,1,0.8831108212471008
1,3,2,944,2,2,1,0.8387901186943054
1,3,2,945,2,2,1,0.8779917359352112
1,3,2,946,2,2,1,0.6197132468223572
1,3,2,947,2,2,1,0.8000229001045227
1,3,2,948,2,2,1,0.608038604259491
1,3,2,949,2,2,1,0.44489240646362305
1,3,2,950,2,2,1,0.2797069549560547
1,3,2,951,2,2,1,0.6463028788566589
1,3,2,952,2,2,1,0.6178923845291138
1,3,2,953,2,2,1,0.5365426540374756
1,3,2,954,2,2,1,0.392855167388916
1,3,2,955,2,2,1,0.518990695476532
1,3,2,956,2,2,1,0.5804084539413452
1,3,2,957,2,9,0,0.2910085916519165
1,3,2,958,2,9,0,0.38167911767959595
1,3,3,959,2,1,0,0.21375688910484314
1,3,3,960,2,1,0,0.2673966586589813
1,3,3,961,2,2,1,0.5199987292289734
1,3,3,962,2,2,1,0.6299841403961182
1,3,3,963,2,2,1,0.8081569075584412
1,3,3,964,2,2,1,0.6298990845680237
1,3,3,965,2,1,0,0.4461878836154938
1,3,3,966,2,2,1,0.6729558706283569
1,3,3,967,2,2,1,0.34745436906814575
1,3,3,968,2,2,1,0.3947180509567261
1,3,3,969,2,2,1,0.49464184045791626
1,3,3,970,2,2,1,0.4876750111579895
1,3,3,971,2,8,0,0.1718447059392929
1,3,3,972,2,1,0,0.4585447609424591
1,3,3,973,2,2,1,0.23480921983718872
1,3,3,974,2,2,1,0.2594243884086609
1,3,4,975,2,8,0,0.2746441960334778
1,3,4,976,2,8,0,0.5168435573577881
1,3,4,977,2,2,1,0.7697413563728333
1,3,4,978,2,2,1,0.7744411826133728
1,3,4,979,2,2,1,0.718142032623291
1,3,4,980,2,2,1,0.7602725028991699
1,3,4,981,2,2,1,0.6883075833320618
1,3,4,982,2,2,1,0.8680863976478577
1,3,4,983,2,2,1,0.6983047723770142
1,3,4,984,2,2,1,0.6209168434143066
1,3,4,985,2,9,0,0.1974768042564392
1,3,5,986,2,6,0,0.38158899545669556
1,3,5,987,2,2,1,0.6887714862823486
1,3,5,988,2,2,1,0.8721994757652283
1,3,5,989,2,2,1,0.7970107197761536
1,3,5,990,2,2,1,0.7267635464668274
1,3,5,991,2,2,1,0.5215408205986023
1,3,5,992,2,2,1,0.6839196681976318
1,3,5,993,2,2,1,0.6718376874923706
1,3,5,994,2,7,0,0.40785542130470276
1,3,5,995,2,7,0,0.30408161878585815
1,3,5,996,2,2,1,0.8194108009338379
1,3,5,997,2,2,1,0.5000772476196289
1,3,5,998,2,4,0,0.268391489982605
1,3,5,999,2,8,0,0.1855911910533905
1,3,6,1000,2,9,0,0.3707501292228699
1,3,6,1001,2,2,1,0.19488315284252167
1,3,6,1002,2,2,1,0.5003644824028015
1,3,6,1003,2,2,1,0.7791290283203125
1,3,6,1004,2,2,1,0.7155888080596924
1,3,6,1005,2,2,1,0.5397372841835022
1,3,6,1006,2,2,1,0.8773596882820129
1,3,6,1007,2,2,1,0.7658032178878784
1,3,6,1008,2,2,1,0.6533925533294678
1,3,6,1009,2,2,1,0.8624855875968933
1,3,6,1010,2,2,1,0.8997769355773926
1,3,6,1011,2,2,1,0.48078253865242004
1,3,6,1012,2,2,1,0.4764593541622162
1,3,6,1013,2,1,0,0.4098804295063019
1,3,6,1014,2,4,0,0.2369682490825653
1,4,1,1015,3,6,0,0.25881093740463257
1,4,1,1016,3,8,0,0.26616907119750977
1,4,1,1017,3,8,0,0.26336225867271423
1,4,1,1018,3,8,0,0.24931387603282928
1,4,1,1019,3,8,0,0.3859087824821472
1,4,1,1020,3,3,1,0.23913663625717163
1,4,1,1021,3,8,0,0.34439581632614136
1,4,1,1022,3,8,0,0.42602643370628357
1,4,1,1023,3,8,0,0.2310437262058258
1,4,1,1024,3,0,0,0.24210438132286072
1,4,2,1025,3,4,0,0.1551653891801834
1,4,2,1026,3,4,0,0.27070292830467224
1,4,2,1027,3,4,0,0.48283326625823975
1,4,2,1028,3,4,0,0.29206541180610657
1,4,2,1029,3,4,0,0.5413984656333923
1,4,2,1030,3,4,0,0.3647148311138153
1,4,2,1031,3,3,1,0.23878887295722961
1,4,2,1032,3,3,1,0.24406276643276215
1,4,2,1033,3,4,0,0.30838316679000854
1,4,2,1034,3,6,0,0.4358408451080322
1,4,2,1035,3,6,0,0.2575642764568329
1,4,2,1036,3,6,0,0.618967592716217
1,4,2,1037,3,1,0,0.29879915714263916
1,4,2,1038,3,6,0,0.25753653049468994
1,4,2,1039,3,4,0,0.33650699257850647
1,4,2,1040,3,4,0,0.2871888279914856
1,4,2,1041,3,1,0,0.3029972314834595
1,4,2,1042,3,0,0,0.22400401532649994
1,4,2,1043,3,3,1,0.25647008419036865
1,4,2,1044,3,6,0,0.21797606348991394
1,4,2,1045,3,8,0,0.3304715156555176
1,4,3,1046,3,6,0,0.24566756188869476
1,4,3,1047,3,3,1,0.37602710723876953
1,4,3,1048,3,3,1,0.5906635522842407
1,4,3,1049,3,4,0,0.5454209446907043
1,4,3,1050,3,8,0,0.2317735254764557
1,4,3,1051,3,8,0,0.3261454999446869
1,4,3,1052,3,4,0,0.2630797326564789
1,4,3,1053,3,6,0,0.3273974657058716
1,4,3,1054,3,5,0,0.4777270555496216
1,4,3,1055,3,3,1,0.22020208835601807
1,4,3,1056,3,4,0,0.2720476984977722
1,4,3,1057,3,6,0,0.248993381857872
1,4,3,1058,3,8,0,0.27071523666381836
1,4,4,1059,3,4,0,0.3577547073364258
1,4,4,1060,3,8,0,0.28751176595687866
1,4,4,1061,3,3,1,0.397477924823761
1,4,4,1062,3,4,0,0.2083025723695755
1,4,4,1063,3,3,1,0.3509429097175598
1,4,4,1064,3,4,0,0.3179224133491516
1,4,4,1065,3,3,1,0.3760661780834198
1,4,4,1066,3,5,0,0.23694142699241638
1,4,4,1067,3,8,0,0.20508424937725067
1,4,5,1068,3,4,0,0.31949737668037415
1,4,5,1069,3,4,0,0.25407829880714417
1,4,5,1070,3,4,0,0.19800971448421478
1,4,5,1071,3,3,1,0.48136046528816223
1,4,5,1072,3,6,0,0.34822869300842285
1,4,5,1073,3,5,0,0.2266674041748047
1,4,5,1074,3,4,0,0.37560927867889404
1,4,5,1075,3,8,0,0.22369809448719025
1,4,5,1076,3,6,0,0.16449108719825745
1,4,6,1077,3,8,0,0.2920164167881012
1,4,6,1078,3,8,0,0.3767496943473816
1,4,6,1079,3,3,1,0.4216376841068268
1,4,6,1080,3,3,1,0.45484617352485657
1,4,6,1081,3,3,1,0.400492399930954
1,4,6,1082,3,3,1,0.6929351091384888
1,4,6,1083,3,3,1,0.5033280253410339
1,4,6,1084,3,3,1,0.2975412607192993
1,4,6,1085,3,8,0,0.27204611897468567
1,4,6,1086,3,3,1,0.27386319637298584
1,4,6,1087,3,5,0,0.252672016620636
1,4,6,1088,3,3,1,0.2542155981063843
1,4,6,1089,3,9,0,0.22767320275306702
1,4,6,1090,3,6,0,0.25953176617622375
1,4,6,1091,3,6,0,0.26954448223114014
1,4,6,1092,3,4,0,0.276578813791275
1,4,6,1093,3,4,0,0.23243317008018494
1,4,6,1094,3,4,0,0.29270726442337036
1,4,6,1095,3,8,0,0.1952613741159439
1,4,6,1096,3,8,0,0.2439088225364685
1,5,1,1097,4,4,1,0.18643423914909363
1,5,1,1098,4,4,1,0.2331850379705429
1,5,1,1099,4,4,1,0.45203784108161926
1,5,1,1100,4,4,1,0.605961263179779
1,5,1,1101,4,4,1,0.40416646003723145
1,5,1,1102,4,4,1,0.8662512302398682
1,5,1,1103,4,4,1,0.4729453921318054
1,5,1,1104,4,4,1,0.37415915727615356
1,5,1,1105,4,4,1,0.406689316034317
1,5,1,1106,4,4,1,0.33121705055236816
1,5,2,1107,4,6,0,0.2418186515569687
1,5,2,1108,4,4,1,0.8296499252319336
1,5,2,1109,4,4,1,0.7646430134773254
1,5,2,1110,4,4,1,0.8143270611763
1,5,2,1111,4,4,1,0.3434889018535614
1,5,2,1112,4,9,0,0.21780280768871307
1,5,2,1113,4,4,1,0.26607251167297363
1,5,2,1114,4,4,1,0.6494506001472473
1,5,2,1115,4,4,1,0.4219915568828583
1,5,2,1116,4,4,1,0.31462612748146057
1,5,2,1117,4,4,1,0.32503828406333923
1,5,2,1118,4,4,1,0.49694374203681946
1,5,2,1119,4,4,1,0.36183637380599976
1,5,2,1120,4,8,0,0.2695578932762146
1,5,2,1121,4,4,1,0.3074111044406891
1,5,2,1122,4,4,1,0.22203746438026428
1,5,3,1123,4,5,0,0.21037894487380981
1,5,3,1124,4,4,1,0.26581206917762756
1,5,3,1125,4,9,0,0.23587161302566528
1,5,3,1126,4,9,0,0.28551921248435974
1,5,3,1127,4,4,1,0.6127109527587891
1,5,3,1128,4,4,1,0.4710134267807007
1,5,3,1129,4,4,1,0.5098513960838318
1,5,3,1130,4,4,1,0.284312903881073
1,5,4,1131,4,4,1,0.2673434615135193
1,5,4,1132,4,4,1,0.29665035009384155
1,5,4,1133,4,4,1,0.31009992957115173
1,5,4,1134,4,4,1,0.6684738993644714
1,5,4,1135,4,4,1,0.5781182050704956
1,5,4,1136,4,4,1,0.4851788282394409
1,5,4,1137,4,8,0,0.27001407742500305
1,5,4,1138,4,4,1,0.3545643389225006
1,5,4,1139,4,4,1,0.3675677180290222
1,5,4,1140,4,4,1,0.8270131945610046
1,5,4,1141,4,9,0,0.2900162935256958
1,5,4,1142,4,3,0,0.2941558063030243
1,5,4,1143,4,4,1,0.5101708769798279
1,5,4,1144,4,4,1,0.43141672015190125
1,5,4,1145,4,4,1,0.3321708142757416
1,5,5,1146,4,4,1,0.5567905306816101
1,5,5,1147,4,4,1,0.6296219825744629
1,5,5,1148,4,4,1,0.7412598729133606
1,5,5,1149,4,4,1,0.44773155450820923
1,5,5,1150,4,4,1,0.26830002665519714
1,5,5,1151,4,4,1,0.5687883496284485
1,5,5,1152,4,4,1,0.9200159311294556
1,5,5,1153,4,8,0,0.2116292417049408
1,5,5,1154,4,4,1,0.22175292670726776
1,5,5,1155,4,8,0,0.3052141070365906
1,5,5,1156,4,4,1,0.2218802571296692
1,5,6,1157,4,6,0,0.1617402881383896
1,5,6,1158,4,4,1,0.1596144139766693
1,5,6,1159,4,9,0,0.23634661734104156
1,5,6,1160,4,4,1,0.4203418791294098
1,5,6,1161,4,4,1,0.40023621916770935
1,5,6,1162,4,4,1,0.5816500782966614
1,5,6,1163,4,4,1,0.4780957102775574
1,5,6,1164,4,9,0,0.37477612495422363
1,5,6,1165,4,4,1,0.6562893986701965
1,5,6,1166,4,4,1,0.7938687801361084
1,5,6,1167,4,4,1,0.8553593158721924
1,5,6,1168,4,4,1,0.7989292740821838
1,5,6,1169,4,4,1,0.7553389668464661
1,5,6,1170,4,4,1,0.7697976231575012
1,5,6,1171,4,4,1,0.7994324564933777
1,5,6,1172,4,4,1,0.7468202710151672
1,5,6,1173,4,4,1,0.24381476640701294
1,5,6,1174,4,4,1,0.17548775672912598
1,5,6,1175,4,8,0,0.3154131770133972
1,6,1,1176,5,0,0,0.20865239202976227
1,6,1,1177,5,7,0,0.21835125982761383
1,6,1,1178,5,0,0,0.23339419066905975
1,6,1,1179,5,0,0,0.35158446431159973
1,6,1,1180,5,5,1,0.423409104347229
1,6,1,1181,5,5,1,0.7811354994773865
1,6,1,1182,5,5,1,0.7108871936798096
1,6,1,1183,5,5,1,0.6204223036766052
1,6,1,1184,5,5,1,0.4356115460395813
1,6,1,1185,5,5,1,0.8186941742897034
1,6,1,1186,5,5,1,0.502007782459259
1,6,1,1187,5,5,1,0.4439223110675812
1,6,2,1188,5,0,0,0.22477829456329346
1,6,2,1189,5,5,1,0.6088664531707764
1,6,2,1190,5,5,1,0.9212172627449036
1,6,2,1191,5,5,1,0.8982532024383545
1,6,2,1192,5,5,1,0.7215569615364075
1,6,2,1193,5,5,1,0.8073700070381165
1,6,2,1194,5,5,1,0.603207528591156
1,6,2,1195,5,5,1,0.6720407009124756
1,6,2,1196,5,5,1,0.8154281377792358
1,6,2,1197,5,5,1,0.8721156120300293
1,6,2,1198,5,5,1,0.9613682627677917
1,6,2,1199,5,5,1,0.6515086889266968
1,6,2,1200,5,5,1,0.5948061347007751
1,6,3,1201,5,6,0,0.21656166017055511
1,6,3,1202,5,0,0,0.2834625542163849
1,6,3,1203,5,0,0,0.43084925413131714
1,6,3,1204,5,1,0,0.31740596890449524
1,6,3,1205,5,0,0,0.2824336588382721
1,6,3,1206,5,1,0,0.3933090567588806
1,6,3,1207,5,5,1,0.45440179109573364
1,6,3,1208,5,5,1,0.6734707951545715
1,6,3,1209,5,5,1,0.7436021566390991
1,6,3,1210,5,5,1,0.8067412972450256
1,6,3,1211,5,5,1,0.9178156852722168
1,6,3,1212,5,5,1,0.8682552576065063
1,6,3,1213,5,5,1,0.5813340544700623
1,6,3,1214,5,5,1,0.5132480263710022
1,6,3,1215,5,0,0,0.45979270339012146
1,6,3,1216,5,5,1,0.7192342281341553
1,6,3,1217,5,5,1,0.6999115347862244
1,6,3,1218,5,5,1,0.5294259190559387
1,6,3,1219,5,5,1,0.8014124631881714
1,6,3,1220,5,5,1,0.5063273906707764
1,6,3,1221,5,9,0,0.6729695200920105
1,6,3,1222,5,9,0,0.545038104057312
1,6,4,1223,5,0,0,0.1337374597787857
1,6,4,1224,5,0,0,0.3345298171043396
1,6,4,1225,5,0,0,0.4076479375362396
1,6,4,1226,5,0,0,0.37199667096138
1,6,4,1227,5,2,0,0.32893654704093933
1,6,4,1228,5,5,1,0.4639691114425659
1,6,4,1229,5,5,1,0.847932755947113
1,6,4,1230,5,5,1,0.8354947566986084
1,6,4,1231,5,5,1,0.6585632562637329
1,6,4,1232,5,5,1,0.26435500383377075
1,6,4,1233,5,9,0,0.2533196806907654
1,6,4,1234,5,9,0,0.19531646370887756
1,6,5,1235,5,9,0,0.23453636467456818
1,6,5,1236,5,5,1,0.3616000711917877
1,6,5,1237,5,5,1,0.47329288721084595
1,6,5,1238,5,5,1,0.4518311321735382
1,6,5,1239,5,5,1,0.9432520270347595
1,6,5,1240,5,5,1,0.748832643032074
1,6,5,1241,5,5,1,0.6756569743156433
1,6,5,1242,5,5,1,0.7706214189529419
1,6,5,1243,5,5,1,0.7389973402023315
1,6,5,1244,5,5,1,0.7889007925987244
1,6,6,1245,5,0,0,0.41030803322792053
1,6,6,1246,5,1,0,0.38559600710868835
1,6,6,1247,5,5,1,0.5295083522796631
1,6,6,1248,5,5,1,0.8481696248054504
1,7,1,1249,6,6,1,0.3078782260417938
1,7,1,1250,6,6,1,0.7041588425636292
1,7,1,1251,6,6,1,0.6820527911186218
1,7,1,1252,6,6,1,0.6699884533882141
1,7,1,1253,6,6,1,0.7647034525871277
1,7,1,1254,6,6,1,0.8419257402420044
1,7,1,1255,6,6,1,0.808696448802948
1,7,1,1256,6,6,1,0.8213453888893127
1,7,1,1257,6,6,1,0.6181590557098389
1,7,1,1258,6,6,1,0.6791056990623474
1,7,1,1259,6,6,1,0.474729984998703
1,7,1,1260,6,6,1,0.5210147500038147
1,7,1,1261,6,6,1,0.7197163701057434
1,7,1,1262,6,6,1,0.660943865776062
1,7,1,1263,6,6,1,0.5061755180358887
1,7,1,1264,6,6,1,0.1745360642671585
1,7,1,1265,6,6,1,0.1575528234243393
1,7,2,1266,6,6,1,0.5835260152816772
1,7,2,1267,6,6,1,0.6723610758781433
1,7,2,1268,6,6,1,0.573928952217102
1,7,2,1269,6,6,1,0.7301812767982483
1,7,2,1270,6,6,1,0.7231231331825256
1,7,2,1271,6,6,1,0.4898880124092102
1,7,2,1272,6,6,1,0.7039231061935425
1,7,2,1273,6,6,1,0.8003215789794922
1,7,2,1274,6,6,1,0.8546241521835327
1,7,2,1275,6,6,1,0.7230700254440308
1,7,2,1276,6,6,1,0.84752357006073
1,7,2,1277,6,0,0,0.21933890879154205
1,7,2,1278,6,0,0,0.3704781234264374
1,7,2,1279,6,0,0,0.32001185417175293
1,7,2,1280,6,0,0,0.2920680046081543
1,7,2,1281,6,0,0,0.29826289415359497
1,7,3,1282,6,6,1,0.7000190615653992
1,7,3,1283,6,6,1,0.7368150949478149
1,7,3,1284,6,6,1,0.7823805212974548
1,7,3,1285,6,6,1,0.6412668228149414
1,7,3,1286,6,6,1,0.7661274671554565
1,7,3,1287,6,6,1,0.7935695052146912
1,7,3,1288,6,6,1,0.8351532816886902
1,7,3,1289,6,6,1,0.3117974102497101
1,7,3,1290,6,6,1,0.37910109758377075
1,7,3,1291,6,6,1,0.5166551470756531
1,7,3,1292,6,6,1,0.35629507899284363
1,7,3,1293,6,6,1,0.21342898905277252
1,7,3,1294,6,6,1,0.2453017383813858
1,7,4,1295,6,6,1,0.5832796096801758
1,7,4,1296,6,6,1,0.729705274105072
1,7,4,1297,6,6,1,0.41969406604766846
1,7,4,1298,6,6,1,0.42273467779159546
1,7,4,1299,6,6,1,0.4293968677520752
1,7,4,1300,6,6,1,0.48744919896125793
1,7,4,1301,6,6,1,0.6670323610305786
1,7,4,1302,6,6,1,0.7258444428443909
1,7,4,1303,6,6,1,0.5808213949203491
1,7,4,1304,6,6,1,0.4809210002422333
1,7,4,1305,6,6,1,0.898411750793457
1,7,4,1306,6,6,1,0.8143987655639648
1,7,4,1307,6,6,1,0.4693170189857483
1,7,4,1308,6,6,1,0.8184946179389954
1,7,4,1309,6,6,1,0.8221641778945923
1,7,4,1310,6,6,1,0.3336385488510132
1,7,4,1311,6,6,1,0.40133601427078247
1,7,5,1312,6,6,1,0.7006689310073853
1,7,5,1313,6,6,1,0.5482218861579895
1,7,5,1314,6,6,1,0.6291235685348511
1,7,5,1315,6,6,1,0.5800734758377075
1,7,5,1316,6,6,1,0.6291008591651917
1,7,5,1317,6,6,1,0.8685667514801025
1,7,5,1318,6,6,1,0.3815214931964874
1,7,5,1319,6,1,0,0.4496672451496124
1,7,5,1320,6,1,0,0.5176235437393188
1,7,5,1321,6,1,0,0.4795791804790497
1,7,5,1322,6,1,0,0.49848848581314087
1,7,5,1323,6,6,1,0.7214576005935669
1,7,5,1324,6,6,1,0.4654964804649353
1,7,5,1325,6,6,1,0.3428371548652649
1,7,5,1326,6,6,1,0.5835940837860107
1,7,5,1327,6,0,0,0.3382278084754944
1,7,6,1328,6,6,1,0.6416564583778381
1,7,6,1329,6,6,1,0.5782207250595093
1,7,6,1330,6,6,1,0.6354143619537354
1,7,6,1331,6,6,1,0.7004213929176331
1,7,6,1332,6,6,1,0.6610406637191772
1,8,1,1333,7,6,0,0.3552306890487671
1,8,1,1334,7,6,0,0.36793452501296997
1,8,1,1335,7,6,0,0.2707494795322418
1,8,1,1336,7,8,0,0.5011184811592102
1,8,1,1337,7,8,0,0.44055497646331787
1,8,1,1338,7,8,0,0.2362188845872879
1,8,1,1339,7,8,0,0.42210525274276733
1,8,1,1340,7,8,0,0.5864879488945007
1,8,1,1341,7,8,0,0.4284413754940033
1,8,1,1342,7,8,0,0.3742055594921112
1,8,1,1343,7,8,0,0.40438809990882874
1,8,1,1344,7,2,0,0.14499253034591675
1,8,1,1345,7,7,1,0.30542707443237305
1,8,1,1346,7,7,1,0.35050949454307556
1,8,1,1347,7,8,0,0.3541216552257538
1,8,1,1348,7,8,0,0.19549866020679474
1,8,1,1349,7,6,0,0.23052065074443817
1,8,2,1350,7,6,0,0.21806171536445618
1,8,2,1351,7,8,0,0.19934546947479248
1,8,2,1352,7,8,0,0.1799420714378357
1,8,2,1353,7,8,0,0.22889207303524017
1,8,2,1354,7,8,0,0.4131186902523041
1,8,2,1355,7,2,0,0.28314512968063354
1,8,2,1356,7,8,0,0.2328024059534073
1,8,2,1357,7,8,0,0.3482707738876343
1,8,2,1358,7,8,0,0.24817050993442535
1,8,2,1359,7,0,0,0.21810929477214813
1,8,2,1360,7,6,0,0.2704811990261078
1,8,2,1361,7,0,0,0.27839231491088867
1,8,3,1362,7,6,0,0.2689709961414337
1,8,3,1363,7,7,1,0.2632257342338562
1,8,3,1364,7,7,1,0.5874318480491638
1,8,3,1365,7,7,1,0.619252622127533
1,8,3,1366,7,8,0,0.372021347284317
1,8,3,1367,7,7,1,0.8006627559661865
1,8,3,1368,7,7,1,0.9011854529380798
1,8,3,1369,7,7,1,0.43197593092918396
1,8,3,1370,7,2,0,0.34473133087158203
1,8,3,1371,7,8,0,0.2424442023038864
1,8,4,1372,7,0,0,0.3364337384700775
1,8,4,1373,7,7,1,0.23793330788612366
1,8,4,1374,7,7,1,0.5995534062385559
1,8,4,1375,7,7,1,0.7047130465507507
1,8,4,1376,7,8,0,0.3301989734172821
1,8,4,1377,7,7,1,0.27992868423461914
1,8,4,1378,7,7,1,0.4387627840042114
1,8,4,1379,7,7,1,0.6943231225013733
1,8,4,1380,7,7,1,0.5468507409095764
1,8,4,1381,7,7,1,0.4506216049194336
1,8,4,1382,7,7,1,0.6513147950172424
1,8,4,1383,7,7,1,0.4707203209400177
1,8,4,1384,7,8,0,0.3048169016838074
1,8,4,1385,7,8,0,0.3912988305091858
1,8,5,1386,7,1,0,0.2912478744983673
1,8,5,1387,7,7,1,0.7545287013053894
1,8,5,1388,7,7,1,0.7222560048103333
1,8,5,1389,7,7,1,0.5116715431213379
1,8,5,1390,7,7,1,0.772007942199707
1,8,5,1391,7,7,1,0.6661789417266846
1,8,5,1392,7,7,1,0.5886764526367188
1,8,5,1393,7,7,1,0.48287883400917053
1,8,5,1394,7,7,1,0.42822739481925964
1,8,5,1395,7,7,1,0.5799001455307007
1,8,6,1396,7,4,0,0.19168299436569214
1,8,6,1397,7,0,0,0.21568399667739868
1,8,6,1398,7,7,1,0.6405628323554993
1,8,6,1399,7,7,1,0.41641122102737427
1,8,6,1400,7,8,0,0.3318079113960266
1,8,6,1401,7,7,1,0.5334567427635193
1,8,6,1402,7,7,1,0.4484509229660034
1,8,6,1403,7,9,0,0.27165308594703674
1,8,6,1404,7,9,0,0.20258279144763947
1,9,1,1405,8,4,0,0.2576800286769867
1,9,1,1406,8,4,0,0.31304630637168884
1,9,1,1407,8,8,1,0.4343946874141693
1,9,1,1408,8,9,0,0.49049630761146545
1,9,1,1409,8,8,1,0.3994639217853546
1,9,1,1410,8,8,1,0.39153367280960083
1,9,1,1411,8,8,1,0.4200918674468994
1,9,1,1412,8,3,0,0.3054462671279907
1,9,1,1413,8,3,0,0.28095942735671997
1,9,1,1414,8,8,1,0.42755502462387085
1,9,1,1415,8,8,1,0.49390819668769836
1,9,1,1416,8,8,1,0.2897287607192993
1,9,1,1417,8,6,0,0.296918660402298
1,9,1,1418,8,4,0,0.35331740975379944
1,9,1,1419,8,8,1,0.3789060115814209
1,9,1,1420,8,9,0,0.47623714804649353
1,9,2,1421,8,3,0,0.24271069467067719
1,9,2,1422,8,7,0,0.30653151869773865
1,9,2,1423,8,6,0,0.14537617564201355
1,9,2,1424,8,8,1,0.2806708812713623
1,9,2,1425,8,8,1,0.3263774514198303
1,9,2,1426,8,8,1,0.3911597728729248
1,9,2,1427,8,8,1,0.2427729070186615
1,9,2,1428,8,0,0,0.21184998750686646
1,9,2,1429,8,0,0,0.25786465406417847
1,9,2,1430,8,8,1,0.4797641336917877
1,9,2,1431,8,9,0,0.24119886755943298
1,9,2,1432,8,4,0,0.23336945474147797
1,9,3,1433,8,4,0,0.2703777253627777
1,9,3,1434,8,9,0,0.3987583816051483
1,9,3,1435,8,8,1,0.32145005464553833
1,9,3,1436,8,8,1,0.27434012293815613
1,9,3,1437,8,8,1,0.3115728497505188
1,9,3,1438,8,8,1,0.3947937786579132
1,9,3,1439,8,6,0,0.44983145594596863
1,9,3,1440,8,8,1,0.5334035158157349
1,9,3,1441,8,8,1,0.47418051958084106
1,9,3,1442,8,6,0,0.39790841937065125
1,9,3,1443,8,8,1,0.7068089246749878
1,9,3,1444,8,8,1,0.3281537592411041
1,9,3,1445,8,1,0,0.21784773468971252
1,9,3,1446,8,9,0,0.2905151844024658
1,9,4,1447,8,9,0,0.25359055399894714
1,9,4,1448,8,8,1,0.623186469078064
1,9,4,1449,8,8,1,0.4459584951400757
1,9,4,1450,8,8,1,0.32868602871894836
1,9,4,1451,8,8,1,0.3338482975959778
1,9,4,1452,8,9,0,0.24952255189418793
1,9,4,1453,8,8,1,0.36946094036102295
1,9,4,1454,8,8,1,0.42620670795440674
1,9,4,1455,8,8,1,0.6505990624427795
1,9,4,1456,8,6,0,0.6376626491546631
1,9,4,1457,8,6,0,0.40728694200515747
1,9,4,1458,8,9,0,0.4242846369743347
1,9,5,1459,8,9,0,0.3670400381088257
1,9,5,1460,8,9,0,0.3520219027996063
1,9,5,1461,8,8,1,0.3428734838962555
1,9,5,1462,8,8,1,0.5733177065849304
1,9,5,1463,8,7,0,0.23322580754756927
1,9,5,1464,8,8,1,0.26651647686958313
1,9,5,1465,8,8,1,0.2438739389181137
1,9,5,1466,8,8,1,0.37998107075691223
1,9,5,1467,8,8,1,0.5085272192955017
1,9,5,1468,8,8,1,0.3682868480682373
1,9,5,1469,8,9,0,0.34753164649009705
1,9,5,1470,8,9,0,0.4073128402233124
1,9,6,1471,8,3,0,0.2786697745323181
1,9,6,1472,8,9,0,0.2667078375816345
1,9,6,1473,8,9,0,0.21829457581043243
1,9,6,1474,8,9,0,0.17759741842746735
1,9,6,1475,8,9,0,0.2587980628013611
1,9,6,1476,8,0,0,0.23871949315071106
1,9,6,1477,8,8,1,0.20471133291721344
1,9,6,1478,8,8,1,0.4960460960865021
1,9,6,1479,8,8,1,0.5583589673042297
1,9,6,1480,8,8,1,0.5234109163284302
1,9,6,1481,8,8,1,0.46862515807151794
1,10,1,1482,9,6,0,0.2952561378479004
1,10,1,1483,9,8,0,0.5682395696640015
1,10,1,1484,9,9,1,0.5586137175559998
1,10,1,1485,9,9,1,0.49235740303993225
1,10,1,1486,9,9,1,0.5193701982498169
1,10,1,1487,9,9,1,0.7081218957901001
1,10,1,1488,9,9,1,0.5810936689376831
1,10,1,1489,9,9,1,0.6294125914573669
1,10,1,1490,9,9,1,0.32493194937705994
1,10,1,1491,9,9,1,0.3791837692260742
1,10,1,1492,9,9,1,0.47519737482070923
1,10,1,1493,9,9,1,0.6855883598327637
1,10,1,1494,9,9,1,0.6627156734466553
1,10,1,1495,9,8,0,0.5739011168479919
1,10,1,1496,9,4,0,0.5232332348823547
1,10,1,1497,9,8,0,0.6600852012634277
1,10,1,1498,9,9,1,0.3978425860404968
1,10,2,1499,9,7,0,0.24208113551139832
1,10,2,1500,9,9,1,0.379474937915802
1,10,2,1501,9,9,1,0.5740578174591064
1,10,2,1502,9,9,1,0.47990983724594116
1,10,2,1503,9,9,1,0.47064873576164246
1,10,2,1504,9,9,1,0.8531919717788696
1,10,2,1505,9,9,1,0.699957013130188
1,10,2,1506,9,9,1,0.4170584976673126
1,10,2,1507,9,8,0,0.5999693870544434
1,10,2,1508,9,9,1,0.4015433192253113
1,10,2,1509,9,4,0,0.2399846315383911
1,10,2,1510,9,4,0,0.2477380335330963
1,10,2,1511,9,9,1,0.34250569343566895
1,10,3,1512,9,0,0,0.19279426336288452
1,10,3,1513,9,9,1,0.2755652964115143
1,10,3,1514,9,9,1,0.8882376551628113
1,10,3,1515,9,9,1,0.8122424483299255
1,10,3,1516,9,9,1,0.855094850063324
1,10,3,1517,9,9,1,0.407095342874527
1,10,3,1518,9,6,0,0.346041738986969
1,10,3,1519,9,8,0,0.2922641932964325
1,10,3,1520,9,9,1,0.26761549711227417
1,10,3,1521,9,9,1,0.3527411222457886
1,10,3,1522,9,9,1,0.35303452610969543
1,10,4,1523,9,5,0,0.44301483035087585
1,10,4,1524,9,5,0,0.3295980393886566
1,10,4,1525,9,8,0,0.3470055162906647
1,10,4,1526,9,8,0,0.44271621108055115
1,10,4,1527,9,8,0,0.43189236521720886
1,10,4,1528,9,9,1,0.4140690863132477
1,10,4,1529,9,9,1,0.36527445912361145
1,10,4,1530,9,9,1,0.5905503034591675
1,10,4,1531,9,9,1,0.8081742525100708
1,10,4,1532,9,8,0,0.6541981101036072
1,10,4,1533,9,4,0,0.48976507782936096
1,10,4,1534,9,8,0,0.40995222330093384
1,10,4,1535,9,9,1,0.3141745924949646
1,10,5,1536,9,5,0,0.3850018382072449
1,10,5,1537,9,8,0,0.3490120470523834
1,10,5,1538,9,8,0,0.3380953371524811
1,10,5,1539,9,8,0,0.48692700266838074
1,10,5,1540,9,9,1,0.47406673431396484
1,10,5,1541,9,9,1,0.7027804255485535
1,10,5,1542,9,9,1,0.6307877898216248
1,10,5,1543,9,9,1,0.656450092792511
1,10,5,1544,9,9,1,0.5521840453147888
1,10,5,1545,9,8,0,0.3749501705169678
1,10,5,1546,9,6,0,0.34135332703590393
1,10,5,1547,9,6,0,0.39366281032562256
1,10,6,1548,9,7,0,0.47772154211997986
1,10,6,1549,9,8,0,0.49398255348205566
1,10,6,1550,9,9,1,0.5895110964775085
1,10,6,1551,9,9,1,0.5907448530197144
1,10,6,1552,9,9,1,0.563204824924469
1,10,6,1553,9,9,1,0.6079317331314087
1,10,6,1554,9,9,1,0.6718091368675232
1,10,6,1555,9,9,1,0.7043866515159607
1,10,6,1556,9,9,1,0.7472139000892639
1,10,6,1557,9,9,1,0.7871904373168945
1,10,6,1558,9,9,1,0.49281609058380127
1,10,6,1559,9,9,1,0.4060921370983124
1,10,6,1560,9,8,0,0.43450742959976196
1,10,6,1561,9,9,1,0.4249805510044098
1,10,6,1562,9,8,0,0.3818395435810089
1,10,6,1563,9,6,0,0.4862614870071411
1,10,6,1564,9,6,0,0.6730958223342896
1,10,6,1565,9,6,0,0.38875141739845276
1,1,1,1566,0,3,0,0.3540332317352295
1,1,1,1567,0,0,1,0.34259873628616333
1,1,1,1568,0,9,0,0.331084668636322
1,1,1,1569,0,0,1,0.494218111038208
1,1,1,1570,0,0,1,0.7373179793357849
1,1,1,1571,0,0,1,0.5772514343261719
1,1,1,1572,0,9,0,0.4925345480442047
1,1,1,1573,0,0,1,0.5151153802871704
1,1,1,1574,0,0,1,0.5686572790145874
1,1,1,1575,0,0,1,0.696087658405304
1,1,1,1576,0,0,1,0.7405549883842468
1,1,1,1577,0,8,0,0.20101727545261383
1,1,1,1578,0,0,1,0.4314667582511902
1,1,1,1579,0,0,1,0.20363397896289825
1,1,1,1580,0,5,0,0.39015570282936096
1,1,2,1581,0,0,1,0.3087345063686371
1,1,2,1582,0,9,0,0.29461121559143066
1,1,2,1583,0,9,0,0.18699127435684204
1,1,2,1584,0,9,0,0.2858296036720276
1,1,2,1585,0,0,1,0.8013445734977722
1,1,2,1586,0,0,1,0.8236873149871826
1,1,2,1587,0,0,1,0.6113284230232239
1,1,2,1588,0,9,0,0.35265830159187317
1,1,2,1589,0,4,0,0.23349979519844055
1,1,2,1590,0,9,0,0.2600129544734955
1,1,3,1591,0,0,1,0.21774916350841522
1,1,3,1592,0,3,0,0.24101480841636658
1,1,3,1593,0,5,0,0.2614481449127197
1,1,3,1594,0,9,0,0.30121707916259766
1,1,3,1595,0,0,1,0.33547917008399963
1,1,3,1596,0,0,1,0.4446738660335541
1,1,3,1597,0,0,1,0.453416645526886
1,1,3,1598,0,0,1,0.4725923538208008
1,1,3,1599,0,0,1,0.7678177952766418
1,1,3,1600,0,0,1,0.8399401307106018
1,1,3,1601,0,0,1,0.4482213258743286
1,1,3,1602,0,0,1,0.5810843706130981
1,1,3,1603,0,9,0,0.3261741101741791
1,1,4,1604,0,0,1,0.5207214951515198
1,1,4,1605,0,9,0,0.540196418762207
1,1,4,1606,0,9,0,0.35072073340415955
1,1,4,1607,0,0,1,0.28997164964675903
1,1,4,1608,0,9,0,0.35492196679115295
1,1,4,1609,0,0,1,0.46089956164360046
1,1,4,1610,0,0,1,0.8110323548316956
1,1,4,1611,0,0,1,0.9069138765335083
1,1,4,1612,0,0,1,0.6976543068885803
1,1,4,1613,0,0,1,0.6026113629341125
1,1,4,1614,0,0,1,0.710320234298706
1,1,4,1615,0,0,1,0.7256984710693359
1,1,4,1616,0,0,1,0.33264976739883423
1,1,4,1617,0,9,0,0.20855990052223206
1,1,4,1618,0,4,0,0.41464999318122864
1,1,5,1619,0,9,0,0.37918728590011597
1,1,5,1620,0,9,0,0.3982340693473816
1,1,5,1621,0,0,1,0.36798855662345886
1,1,5,1622,0,0,1,0.5816251039505005
1,1,5,1623,0,0,1,0.516420841217041
1,1,5,1624,0,0,1,0.7102230787277222
1,1,5,1625,0,0,1,0.6342740654945374
1,1,5,1626,0,1,0,0.4768131971359253
1,1,5,1627,0,1,0,0.6576740741729736
1,1,5,1628,0,0,1,0.2661774158477783
1,1,5,1629,0,0,1,0.22742360830307007
1,1,5,1630,0,9,0,0.3048217296600342
1,1,5,1631,0,4,0,0.3299521505832672
1,1,5,1632,0,4,0,0.3714444935321808
1,1,5,1633,0,4,0,0.18006525933742523
1,1,5,1634,0,8,0,0.20853394269943237
1,1,6,1635,0,4,0,0.20223368704319
1,1,6,1636,0,0,1,0.33933719992637634
1,1,6,1637,0,4,0,0.29582205414772034
1,1,6,1638,0,5,0,0.2720910608768463
1,1,6,1639,0,0,1,0.2921450436115265
1,1,6,1640,0,0,1,0.3875577747821808
1,1,6,1641,0,0,1,0.7165956497192383
1,1,6,1642,0,0,1,0.524747371673584
1,1,6,1643,0,0,1,0.17520974576473236
1,1,6,1644,0,9,0,0.24419352412223816
1,1,6,1645,0,4,0,0.2383601814508438
1,2,1,1646,1,0,0,0.2299567312002182
1,2,1,1647,1,0,0,0.25513195991516113
1,2,1,1648,1,0,0,0.27533280849456787
1,2,1,1649,1,2,0,0.14925333857536316
1,2,1,1650,1,5,0,0.19595155119895935
1,2,1,1651,1,5,0,0.19336430728435516
1,2,1,1652,1,5,0,0.2750346064567566
1,2,1,1653,1,5,0,0.2538983225822449
1,2,1,1654,1,0,0,0.4838162362575531
1,2,1,1655,1,0,0,0.5177901983261108
1,2,1,1656,1,0,0,0.4604989290237427
1,2,1,1657,1,1,1,0.5378179550170898
1,2,1,1658,1,1,1,0.6617600321769714
1,2,1,1659,1,1,1,0.5898486375808716
1,2,1,1660,1,0,0,0.46283164620399475
1,2,1,1661,1,1,1,0.5556924343109131
1,2,1,1662,1,0,0,0.5389652848243713
1,2,1,1663,1,9,0,0.45281338691711426
1,2,1,1664,1,9,0,0.34350576996803284
1,2,1,1665,1,1,1,0.25507164001464844
1,2,1,1666,1,1,1,0.23560795187950134
1,2,1,1667,1,1,1,0.20615723729133606
1,2,1,1668,1,5,0,0.19538497924804688
1,2,1,1669,1,1,1,0.28964316844940186
1,2,1,1670,1,1,1,0.31262147426605225
1,2,2,1671,1,5,0,0.2204464226961136
1,2,2,1672,1,1,1,0.2205885350704193
1,2,2,1673,1,1,1,0.3152312934398651
1,2,2,1674,1,1,1,0.3727267384529114
1,2,2,1675,1,4,0,0.20030847191810608
1,2,2,1676,1,4,0,0.2519631087779999
1,2,2,1677,1,9,0,0.4517376720905304
1,2,2,1678,1,9,0,0.43150222301483154
1,2,2,1679,1,0,0,0.7975729703903198
1,2,2,1680,1,0,0,0.49702364206314087
1,2,2,1681,1,1,1,0.5575957894325256
1,2,2,1682,1,1,1,0.4760412871837616
1,2,2,1683,1,1,1,0.6040516495704651
1,2,2,1684,1,0,0,0.31110554933547974
1,2,2,1685,1,5,0,0.2228589802980423
1,2,2,1686,1,0,0,0.24085552990436554
1,2,2,1687,1,9,0,0.3808283805847168
1,2,2,1688,1,9,0,0.4638524353504181
1,2,3,1689,1,0,0,0.4200976490974426
1,2,3,1690,1,0,0,0.31779494881629944
1,2,3,1691,1,0,0,0.2772834002971649
1,2,3,1692,1,1,1,0.32149508595466614
1,2,3,1693,1,1,1,0.2533383369445801
1,2,3,1694,1,0,0,0.31995153427124023
1,2,3,1695,1,0,0,0.71857088804245
1,2,3,1696,1,0,0,0.5169398784637451
1,2,3,1697,1,1,1,0.28487879037857056
1,2,3,1698,1,0,0,0.5380469560623169
1,2,3,1699,1,0,0,0.4296162724494934
1,2,3,1700,1,0,0,0.39438608288764954
1,2,3,1701,1,9,0,0.31825897097587585
1,2,3,1702,1,9,0,0.42168861627578735
1,2,3,1703,1,9,0,0.24198196828365326
1,2,3,1704,1,4,0,0.20610903203487396
1,2,3,1705,1,0,0,0.14476287364959717
1,2,3,1706,1,0,0,0.2020406872034073
1,2,4,1707,1,0,0,0.22790688276290894
1,2,4,1708,1,4,0,0.2140696495771408
1,2,4,1709,1,4,0,0.249115988612175
1,2,4,1710,1,1,1,0.19827225804328918
1,2,4,1711,1,1,1,0.49739763140678406
1,2,4,1712,1,1,1,0.522596001625061
1,2,4,1713,1,1,1,0.5163555145263672
1,2,4,1714,1,0,0,0.47726765275001526
1,2,4,1715,1,1,1,0.6143686771392822
1,2,4,1716,1,1,1,0.49594321846961975
1,2,4,1717,1,0,0,0.6706319451332092
1,2,4,1718,1,0,0,0.3266361951828003
1,2,4,1719,1,0,0,0.19831515848636627
1,2,4,1720,1,0,0,0.1894688755273819
1,2,4,1721,1,6,0,0.2565750479698181
1,2,5,1722,1,4,0,0.2817777693271637
1,2,5,1723,1,9,0,0.21647042036056519
1,2,5,1724,1,4,0,0.19196106493473053
1,2,5,1725,1,0,0,0.1924295574426651
1,2,5,1726,1,1,1,0.4384985864162445
1,2,5,1727,1,1,1,0.7008491158485413
1,2,5,1728,1,1,1,0.5888937711715698
1,2,5,1729,1,1,1,0.4939318299293518
1,2,5,1730,1,1,1,0.5479459166526794
1,2,5,1731,1,1,1,0.6828658580780029
1,2,5,1732,1,0,0,0.4317922294139862
1,2,5,1733,1,0,0,0.5560397505760193
1,2,5,1734,1,1,1,0.5614498853683472
1,2,5,1735,1,0,0,0.4863782823085785
1,2,5,1736,1,0,0,0.6882586479187012
1,2,6,1737,1,9,0,0.12676101922988892
1,2,6,1738,1,4,0,0.2260524332523346
1,2,6,1739,1,1,1,0.3651105761528015
1,2,6,1740,1,1,1,0.5844764113426208
1,2,6,1741,1,5,0,0.4843611419200897
1,2,6,1742,1,5,0,0.5058580636978149
1,2,6,1743,1,1,1,0.5933440327644348
1,2,6,1744,1,1,1,0.5067822337150574
1,2,6,1745,1,1,1,0.5714243054389954
1,2,6,1746,1,1,1,0.4799938201904297
1,2,6,1747,1,1,1,0.5306631922721863
1,2,6,1748,1,0,0,0.48277679085731506
1,2,6,1749,1,9,0,0.2615486681461334
1,2,6,1750,1,9,0,0.3484362065792084
1,2,6,1751,1,0,0,0.255750834941864
1,3,1,1752,2,9,0,0.23109446465969086
1,3,1,1753,2,8,0,0.5234752297401428
1,3,1,1754,2,8,0,0.3000306487083435
1,3,1,1755,2,9,0,0.24273797869682312
1,3,1,1756,2,1,0,0.25481992959976196
1,3,1,1757,2,9,0,0.5083835124969482
1,3,1,1758,2,0,0,0.2663058638572693
1,3,1,1759,2,4,0,0.21064947545528412
1,3,1,1760,2,8,0,0.2581462860107422
1,3,2,1761,2,4,0,0.20530353486537933
1,3,2,1762,2,9,0,0.2826601266860962
1,3,2,1763,2,8,0,0.28081467747688293
1,3,2,1764,2,9,0,0.23914459347724915
1,3,2,1765,2,4,0,0.2751019597053528
1,3,2,1766,2,2,1,0.5177111625671387
1,3,2,1767,2,2,1,0.2594189941883087
1,3,2,1768,2,2,1,0.5468395352363586
1,3,2,1769,2,2,1,0.2559027373790741
1,3,2,1770,2,2,1,0.35246342420578003
1,3,2,1771,2,2,1,0.342820405960083
1,3,2,1772,2,8,0,0.3889179825782776
1,3,2,1773,2,8,0,0.40035250782966614
1,3,2,1774,2,9,0,0.2946683168411255
1,3,3,1775,2,3,0,0.2884756922721863
1,3,3,1776,2,0,0,0.27426132559776306
1,3,3,1777,2,9,0,0.2664085030555725
1,3,3,1778,2,9,0,0.22721490263938904
1,3,3,1779,2,1,0,0.2230529934167862
1,3,3,1780,2,1,0,0.34122100472450256
1,3,3,1781,2,2,1,0.5740792155265808
1,3,3,1782,2,2,1,0.6446704268455505
1,3,3,1783,2,2,1,0.554618775844574
1,3,3,1784,2,2,1,0.4356496036052704
1,3,3,1785,2,2,1,0.4929030239582062
1,3,3,1786,2,2,1,0.46947798132896423
1,3,3,1787,2,2,1,0.4252782166004181
1,3,3,1788,2,0,0,0.23605196177959442
1,3,3,1789,2,2,1,0.19257977604866028
1,3,3,1790,2,2,1,0.6062253713607788
1,3,3,1791,2,2,1,0.7992377281188965
1,3,4,1792,2,8,0,0.17189688980579376
1,3,4,1793,2,9,0,0.33458083868026733
1,3,4,1794,2,0,0,0.2415856570005417
1,3,4,1795,2,1,0,0.30306774377822876
1,3,4,1796,2,2,1,0.3753931224346161
1,3,4,1797,2,2,1,0.49419552087783813
1,3,4,1798,2,2,1,0.43750959634780884
1,3,4,1799,2,2,1,0.6598098278045654
1,3,4,1800,2,2,1,0.5632485747337341
1,3,4,1801,2,2,1,0.7185890078544617
1,3,4,1802,2,2,1,0.6511426568031311
1,3,4,1803,2,2,1,0.457439661026001
1,3,4,1804,2,9,0,0.21567504107952118
1,3,5,1805,2,0,0,0.2625379264354706
1,3,5,1806,2,9,0,0.3514530658721924
1,3,5,1807,2,9,0,0.1695551872253418
1,3,5,1808,2,1,0,0.36000266671180725
1,3,5,1809,2,0,0,0.3551473319530487
1,3,5,1810,2,0,0,0.4642326533794403
1,3,5,1811,2,9,0,0.34051695466041565
1,3,5,1812,2,2,1,0.37916427850723267
1,3,5,1813,2,4,0,0.28474846482276917
1,3,5,1814,2,2,1,0.3894791007041931
1,3,5,1815,2,2,1,0.5106186270713806
1,3,5,1816,2,2,1,0.6441899538040161
1,3,5,1817,2,2,1,0.5124565362930298
1,3,5,1818,2,2,1,0.4667293131351471
1,3,5,1819,2,2,1,0.6194818019866943
1,3,5,1820,2,2,1,0.6724032163619995
1,3,6,1821,2,9,0,0.3875623941421509
1,3,6,1822,2,2,1,0.30209895968437195
1,3,6,1823,2,2,1,0.28233829140663147
1,3,6,1824,2,2,1,0.460136353969574
1,3,6,1825,2,2,1,0.39283743500709534
1,3,6,1826,2,9,0,0.33421415090560913
1,3,6,1827,2,2,1,0.4922960102558136
1,3,6,1828,2,2,1,0.35251984000205994
1,3,6,1829,2,5,0,0.5702611804008484
1,3,6,1830,2,5,0,0.5248100161552429
1,4,1,1831,3,0,0,0.40002867579460144
1,4,1,1832,3,2,0,0.4170273244380951
1,4,1,1833,3,3,1,0.40947216749191284
1,4,1,1834,3,3,1,0.2321123480796814
1,4,1,1835,3,3,1,0.43357163667678833
1,4,1,1836,3,3,1,0.6202044486999512
1,4,1,1837,3,4,0,0.3252398371696472
1,4,1,1838,3,3,1,0.3173675239086151
1,4,1,1839,3,2,0,0.2590358257293701
1,4,1,1840,3,4,0,0.15738391876220703
1,4,1,1841,3,5,0,0.7497134208679199
1,4,1,1842,3,5,0,0.7206023335456848
1,4,2,1843,3,0,0,0.23027445375919342
1,4,2,1844,3,9,0,0.179469496011734
1,4,2,1845,3,8,0,0.20018573105335236
1,4,2,1846,3,5,0,0.24838754534721375
1,4,2,1847,3,0,0,0.2359297275543213
1,4,2,1848,3,1,0,0.34795624017715454
1,4,2,1849,3,2,0,0.2656032145023346
1,4,2,1850,3,0,0,0.24741868674755096
1,4,2,1851,3,3,1,0.23837289214134216
1,4,2,1852,3,0,0,0.14604681730270386
1,4,2,1853,3,9,0,0.32892319560050964
1,4,2,1854,3,9,0,0.26404115557670593
1,4,2,1855,3,4,0,0.23643694818019867
1,4,2,1856,3,0,0,0.17254294455051422
1,4,2,1857,3,3,1,0.20836417376995087
1,4,2,1858,3,3,1,0.6213591694831848
1,4,2,1859,3,8,0,0.256384015083313
1,4,2,1860,3,8,0,0.2841719686985016
1,4,3,1861,3,0,0,0.3119069039821625
1,4,3,1862,3,3,1,0.6110020279884338
1,4,3,1863,3,3,1,0.7938089370727539
1,4,3,1864,3,3,1,0.6054425835609436
1,4,3,1865,3,3,1,0.33989235758781433
1,4,3,1866,3,3,1,0.5169908404350281
1,4,3,1867,3,3,1,0.557902991771698
1,4,3,1868,3,9,0,0.34925782680511475
1,4,3,1869,3,5,0,0.17515255510807037
1,4,4,1870,3,9,0,0.3905969262123108
1,4,4,1871,3,9,0,0.2590535283088684
1,4,4,1872,3,0,0,0.324999064207077
1,4,4,1873,3,0,0,0.2507781982421875
1,4,4,1874,3,1,0,0.27163827419281006
1,4,4,1875,3,3,1,0.34211409091949463
1,4,4,1876,3,3,1,0.8977830410003662
1,4,4,1877,3,3,1,0.7777364253997803
1,4,4,1878,3,3,1,0.792298436164856
1,4,4,1879,3,3,1,0.7905909419059753
1,4,4,1880,3,3,1,0.5066518187522888
1,4,4,1881,3,3,1,0.5865094065666199
1,4,4,1882,3,3,1,0.7001656889915466
1,4,4,1883,3,0,0,0.2146150916814804
1,4,4,1884,3,4,0,0.22591400146484375
1,4,4,1885,3,5,0,0.25944167375564575
1,4,4,1886,3,5,0,0.3142322301864624
1,4,5,1887,3,5,0,0.2314605712890625
1,4,5,1888,3,0,0,0.3953135013580322
1,4,5,1889,3,9,0,0.36347246170043945
1,4,5,1890,3,0,0,0.2532274127006531
1,4,5,1891,3,1,0,0.24349863827228546
1,4,5,1892,3,1,0,0.2979221045970917
1,4,5,1893,3,1,0,0.2503509521484375
1,4,5,1894,3,3,1,0.6979386210441589
1,4,5,1895,3,3,1,0.8770973086357117
1,4,5,1896,3,3,1,0.8780965209007263
1,4,5,1897,3,3,1,0.7045940160751343
1,4,5,1898,3,3,1,0.7216505408287048
1,4,5,1899,3,3,1,0.5015166997909546
1,4,5,1900,3,2,0,0.3614156246185303
1,4,5,1901,3,2,0,0.33636242151260376
1,4,5,1902,3,5,0,0.33570608496665955
1,4,6,1903,3,9,0,0.26568278670310974
1,4,6,1904,3,8,0,0.30005118250846863
1,4,6,1905,3,8,0,0.30483901500701904
1,4,6,1906,3,8,0,0.2966533601284027
1,4,6,1907,3,9,0,0.3316384255886078
1,4,6,1908,3,3,1,0.3721980154514313
1,4,6,1909,3,3,1,0.840343177318573
1,4,6,1910,3,3,1,0.7560197710990906
1,4,6,1911,3,3,1,0.45486214756965637
1,4,6,1912,3,3,1,0.5543694496154785
1,4,6,1913,3,3,1,0.6086695790290833
1,4,6,1914,3,3,1,0.5279598236083984
1,4,6,1915,3,3,1,0.3427824378013611
1,4,6,1916,3,8,0,0.34368425607681274
1,4,6,1917,3,0,0,0.31118977069854736
1,4,6,1918,3,0,0,0.2678205668926239
1,4,6,1919,3,4,0,0.14982418715953827
1,5,1,1920,4,0,0,0.3457242250442505
1,5,1,1921,4,9,0,0.18653905391693115
1,5,1,1922,4,4,1,0.5990525484085083
1,5,1,1923,4,0,0,0.3534677028656006
1,5,1,1924,4,4,1,0.44369906187057495
1,5,1,1925,4,4,1,0.45665091276168823
1,5,1,1926,4,4,1,0.49950358271598816
1,5,1,1927,4,4,1,0.4883997142314911
1,5,1,1928,4,4,1,0.7611890435218811
1,5,1,1929,4,4,1,0.3965238630771637
1,5,1,1930,4,9,0,0.44381341338157654
1,5,1,1931,4,5,0,0.2800998091697693
1,5,2,1932,4,0,0,0.25639981031417847
1,5,2,1933,4,0,0,0.16169632971286774
1,5,2,1934,4,4,1,0.29763755202293396
1,5,2,1935,4,9,0,0.2554546892642975
1,5,2,1936,4,9,0,0.3738587498664856
1,5,2,1937,4,1,0,0.3770371675491333
1,5,2,1938,4,0,0,0.45117002725601196
1,5,2,1939,4,4,1,0.3347560465335846
1,5,2,1940,4,4,1,0.523460865020752
1,5,2,1941,4,4,1,0.4262104630470276
1,5,2,1942,4,4,1,0.7690891027450562
1,5,2,1943,4,4,1,0.8309559226036072
1,5,2,1944,4,4,1,0.47954124212265015
1,5,2,1945,4,0,0,0.403855562210083
1,5,2,1946,4,4,1,0.5469450354576111
1,5,2,1947,4,9,0,0.30718910694122314
1,5,2,1948,4,9,0,0.3947376012802124
1,5,3,1949,4,7,0,0.22023381292819977
1,5,3,1950,4,5,0,0.2087486982345581
1,5,3,1951,4,0,0,0.31729865074157715
1,5,3,1952,4,1,0,0.3471958339214325
1,5,3,1953,4,9,0,0.30232158303260803
1,5,3,1954,4,4,1,0.40862929821014404
1,5,3,1955,4,0,0,0.6534045934677124
1,5,3,1956,4,0,0,0.6283567547798157
1,5,3,1957,4,0,0,0.5166260600090027
1,5,3,1958,4,0,0,0.545179545879364
1,5,3,1959,4,1,0,0.5134189128875732
1,5,3,1960,4,0,0,0.47628772258758545
1,5,3,1961,4,0,0,0.4359240233898163
1,5,3,1962,4,1,0,0.41845962405204773
1,5,3,1963,4,1,0,0.5085145831108093
1,5,3,1964,4,1,0,0.45861878991127014
1,5,3,1965,4,4,1,0.16302655637264252
1,5,3,1966,4,1,0,0.19372305274009705
1,5,3,1967,4,6,0,0.2331932634115219
1,5,3,1968,4,8,0,0.18361151218414307
1,5,3,1969,4,7,0,0.20001177489757538
1,5,3,1970,4,8,0,0.36333799362182617
1,5,3,1971,4,8,0,0.4296538531780243
1,5,4,1972,4,8,0,0.2179100066423416
1,5,4,1973,4,9,0,0.31510576605796814
1,5,4,1974,4,1,0,0.35594701766967773
1,5,4,1975,4,4,1,0.3263455331325531
1,5,4,1976,4,4,1,0.5383906364440918
1,5,4,1977,4,4,1,0.4646746516227722
1,5,4,1978,4,4,1,0.24444203078746796
1,5,4,1979,4,4,1,0.40084946155548096
1,5,4,1980,4,9,0,0.26677900552749634
1,5,4,1981,4,5,0,0.31108880043029785
1,5,5,1982,4,5,0,0.3994462490081787
1,5,5,1983,4,5,0,0.5505704283714294
1,5,5,1984,4,5,0,0.4367542564868927
1,5,5,1985,4,5,0,0.23784376680850983
1,5,5,1986,4,9,0,0.4142172336578369
1,5,5,1987,4,9,0,0.4147093594074249
1,5,5,1988,4,0,0,0.3090669810771942
1,5,5,1989,4,4,1,0.5225760340690613
1,5,5,1990,4,4,1,0.7519299983978271
1,5,5,1991,4,4,1,0.42494627833366394
1,5,5,1992,4,4,1,0.4258672893047333
1,5,5,1993,4,4,1,0.6016338467597961
1,5,5,1994,4,4,1,0.8601884841918945
1,5,5,1995,4,0,0,0.3982970118522644
1,5,5,1996,4,4,1,0.4962436556816101
1,5,5,1997,4,1,0,0.41603314876556396
1,5,6,1998,4,1,0,0.23127296566963196
1,5,6,1999,4,4,1,0.2645668089389801
1,5,6,2000,4,4,1,0.514197826385498
1,5,6,2001,4,4,1,0.4853035509586334
1,5,6,2002,4,0,0,0.559986412525177
1,5,6,2003,4,0,0,0.502090573310852
1,5,6,2004,4,4,1,0.7562495470046997
1,5,6,2005,4,4,1,0.7666747570037842
1,5,6,2006,4,4,1,0.49327024817466736
1,5,6,2007,4,4,1,0.4891933798789978
1,5,6,2008,4,4,1,0.5541809797286987
1,5,6,2009,4,4,1,0.2943319082260132
1,5,6,2010,4,0,0,0.15505379438400269
1,5,6,2011,4,4,1,0.23195666074752808
1,6,1,2012,5,4,0,0.2962470054626465
1,6,1,2013,5,4,0,0.24368883669376373
1,6,1,2014,5,8,0,0.3740050494670868
1,6,1,2015,5,9,0,0.33189627528190613
1,6,1,2016,5,5,1,0.5210510492324829
1,6,1,2017,5,5,1,0.4559911787509918
1,6,1,2018,5,8,0,0.2494453638792038
1,6,1,2019,5,5,1,0.5716133713722229
1,6,1,2020,5,5,1,0.5615400075912476
1,6,1,2021,5,4,0,0.35191184282302856
1,6,1,2022,5,5,1,0.5981724858283997
1,6,1,2023,5,9,0,0.32123610377311707
1,6,1,2024,5,8,0,0.3359249234199524
1,6,1,2025,5,8,0,0.31706181168556213
1,6,2,2026,5,5,1,0.38908132910728455
1,6,2,2027,5,5,1,0.3348182439804077
1,6,2,2028,5,3,0,0.2617223858833313
1,6,2,2029,5,1,0,0.2748502790927887
1,6,2,2030,5,9,0,0.3964399993419647
1,6,2,2031,5,9,0,0.3912968337535858
1,6,2,2032,5,9,0,0.37080076336860657
1,6,2,2033,5,9,0,0.539779007434845
1,6,2,2034,5,9,0,0.4070964455604553
1,6,2,2035,5,9,0,0.42942044138908386
1,6,2,2036,5,9,0,0.417386919260025
1,6,2,2037,5,8,0,0.35168662667274475
1,6,2,2038,5,5,1,0.4044007360935211
1,6,2,2039,5,9,0,0.37859731912612915
1,6,2,2040,5,5,1,0.38843995332717896
1,6,2,2041,5,9,0,0.2524237334728241
1,6,2,2042,5,6,0,0.2950969934463501
1,6,2,2043,5,6,0,0.1950003206729889
1,6,2,2044,5,6,0,0.18753062188625336
1,6,2,2045,5,4,0,0.19517959654331207
1,6,2,2046,5,4,0,0.20196768641471863
1,6,3,2047,5,7,0,0.27380481362342834
1,6,3,2048,5,5,1,0.4797663986682892
1,6,3,2049,5,5,1,0.30358102917671204
1,6,3,2050,5,5,1,0.42603033781051636
1,6,3,2051,5,5,1,0.5617569088935852
1,6,3,2052,5,9,0,0.35280293226242065
1,6,3,2053,5,5,1,0.4196259081363678
1,6,3,2054,5,5,1,0.6944106817245483
1,6,3,2055,5,5,1,0.7093639969825745
1,6,3,2056,5,5,1,0.6231673359870911
1,6,3,2057,5,5,1,0.672997236251831
1,6,3,2058,5,5,1,0.7305243611335754
1,6,3,2059,5,5,1,0.4016716778278351
1,6,3,2060,5,9,0,0.268885999917984
1,6,3,2061,5,9,0,0.24773554503917694
1,6,4,2062,5,6,0,0.31323549151420593
1,6,4,2063,5,8,0,0.2621346712112427
1,6,4,2064,5,5,1,0.6112481355667114
1,6,4,2065,5,5,1,0.4565962851047516
1,6,4,2066,5,5,1,0.6051251292228699
1,6,4,2067,5,5,1,0.7018299698829651
1,6,4,2068,5,5,1,0.5746095776557922
1,6,4,2069,5,5,1,0.6328399181365967
1,6,4,2070,5,5,1,0.46669021248817444
1,6,4,2071,5,5,1,0.8670107126235962
1,6,4,2072,5,9,0,0.3658589720726013
1,6,4,2073,5,5,1,0.4057180881500244
1,6,5,2074,5,4,0,0.49190354347229004
1,6,5,2075,5,8,0,0.22063852846622467
1,6,5,2076,5,4,0,0.17535489797592163
1,6,5,2077,5,9,0,0.3649528920650482
1,6,5,2078,5,5,1,0.49330103397369385
1,6,5,2079,5,5,1,0.5281117558479309
1,6,5,2080,5,5,1,0.5042883157730103
1,6,5,2081,5,5,1,0.7251076102256775
1,6,5,2082,5,5,1,0.6971062421798706
1,6,5,2083,5,5,1,0.5901279449462891
1,6,5,2084,5,5,1,0.5073545575141907
1,6,5,2085,5,5,1,0.7570968270301819
1,6,5,2086,5,5,1,0.6936554312705994
1,6,5,2087,5,5,1,0.3475157916545868
1,6,5,2088,5,6,0,0.4527306854724884
1,6,6,2089,5,6,0,0.18040233850479126
1,6,6,2090,5,9,0,0.3353084921836853
1,6,6,2091,5,5,1,0.6081801652908325
1,6,6,2092,5,8,0,0.2751741409301758
1,6,6,2093,5,5,1,0.7351722717285156
1,6,6,2094,5,5,1,0.6138896942138672
1,6,6,2095,5,5,1,0.6330236792564392
1,6,6,2096,5,5,1,0.8148842453956604
1,6,6,2097,5,5,1,0.7199791669845581
1,6,6,2098,5,5,1,0.8799244165420532
1,6,6,2099,5,5,1,0.8662022948265076
1,6,6,2100,5,5,1,0.5925266742706299
1,6,6,2101,5,9,0,0.2458995133638382
1,6,6,2102,5,5,1,0.369598925113678
1,6,6,2103,5,5,1,0.792559802532196
1,6,6,2104,5,4,0,0.39240044355392456
1,6,6,2105,5,9,0,0.20968161523342133
1,7,1,2106,6,1,0,0.22577019035816193
1,7,1,2107,6,6,1,0.28113171458244324
1,7,1,2108,6,6,1,0.3448043763637543
1,7,1,2109,6,6,1,0.4113579988479614
1,7,1,2110,6,1,0,0.2898406982421875
1,7,1,2111,6,1,0,0.34812653064727783
1,7,1,2112,6,1,0,0.2960888147354126
1,7,1,2113,6,1,0,0.21305891871452332
1,7,1,2114,6,0,0,0.1755291074514389
1,7,1,2115,6,1,0,0.3082243502140045
1,7,1,2116,6,6,1,0.2772609293460846
1,7,1,2117,6,6,1,0.35306230187416077
1,7,2,2118,6,6,1,0.5539238452911377
1,7,2,2119,6,0,0,0.20818382501602173
1,7,2,2120,6,1,0,0.23317386209964752
1,7,2,2121,6,6,1,0.4524199664592743
1,7,2,2122,6,6,1,0.4144560992717743
1,7,2,2123,6,6,1,0.7064454555511475
1,7,2,2124,6,6,1,0.5170441269874573
1,7,2,2125,6,6,1,0.620305597782135
1,7,2,2126,6,6,1,0.7932029962539673
1,7,2,2127,6,6,1,0.7781983017921448
1,7,2,2128,6,6,1,0.7569817900657654
1,7,2,2129,6,6,1,0.2350522130727768
1,7,2,2130,6,6,1,0.3113725781440735
1,7,2,2131,6,6,1,0.19451692700386047
1,7,2,2132,6,8,0,0.17938250303268433
1,7,3,2133,6,6,1,0.5439512729644775
1,7,3,2134,6,6,1,0.7392614483833313
1,7,3,2135,6,6,1,0.533530056476593
1,7,3,2136,6,6,1,0.7860937714576721
1,7,3,2137,6,6,1,0.7848218679428101
1,7,3,2138,6,6,1,0.9175502061843872
1,7,3,2139,6,6,1,0.735542356967926
1,7,3,2140,6,6,1,0.8396802544593811
1,7,3,2141,6,6,1,0.9208510518074036
1,7,3,2142,6,6,1,0.5152594447135925
1,7,4,2143,6,0,0,0.24271659553050995
1,7,4,2144,6,6,1,0.2063828408718109
1,7,4,2145,6,6,1,0.48970937728881836
1,7,4,2146,6,6,1,0.5921684503555298
1,7,4,2147,6,6,1,0.755060076713562
1,7,4,2148,6,6,1,0.4348579943180084
1,7,4,2149,6,6,1,0.8100560903549194
1,7,4,2150,6,6,1,0.7018427848815918
1,7,4,2151,6,6,1,0.6279433965682983
1,7,4,2152,6,6,1,0.9370182156562805
1,7,4,2153,6,6,1,0.5814478993415833
1,7,4,2154,6,6,1,0.4865091145038605
1,7,5,2155,6,1,0,0.2133903205394745
1,7,5,2156,6,6,1,0.8790767788887024
1,7,5,2157,6,6,1,0.6902890205383301
1,7,5,2158,6,6,1,0.2696954607963562
1,7,5,2159,6,6,1,0.877240777015686
1,7,5,2160,6,6,1,0.859112024307251
1,7,5,2161,6,6,1,0.8287039399147034
1,7,5,2162,6,6,1,0.801481306552887
1,7,5,2163,6,6,1,0.4721066355705261
1,7,5,2164,6,4,0,0.30842599272727966
1,7,5,2165,6,6,1,0.5301196575164795
1,7,5,2166,6,6,1,0.4562908411026001
1,7,6,2167,6,0,0,0.15600070357322693
1,7,6,2168,6,1,0,0.20499606430530548
1,7,6,2169,6,6,1,0.3961907625198364
1,7,6,2170,6,6,1,0.4316921830177307
1,7,6,2171,6,6,1,0.4568096697330475
1,7,6,2172,6,6,1,0.6131303906440735
1,7,6,2173,6,6,1,0.46111175417900085
1,7,6,2174,6,6,1,0.707969605922699
1,7,6,2175,6,6,1,0.45704901218414307
1,7,6,2176,6,6,1,0.4639398753643036
1,7,6,2177,6,6,1,0.6995977163314819
1,7,6,2178,6,6,1,0.6117228269577026
1,7,6,2179,6,6,1,0.8428548574447632
1,7,6,2180,6,6,1,0.8957070112228394
1,7,6,2181,6,6,1,0.7624477744102478
1,7,6,2182,6,6,1,0.7087997794151306
1,7,6,2183,6,6,1,0.6774773597717285
1,7,6,2184,6,6,1,0.813654363155365
1,7,6,2185,6,6,1,0.740177571773529
1,7,6,2186,6,6,1,0.44815728068351746
1,7,6,2187,6,6,1,0.4164136052131653
1,7,6,2188,6,6,1,0.33217307925224304
1,7,6,2189,6,6,1,0.3520839512348175
1,8,1,2190,7,0,0,0.23223863542079926
1,8,1,2191,7,4,0,0.16972285509109497
1,8,1,2192,7,0,0,0.2778073847293854
1,8,1,2193,7,9,0,0.4961640536785126
1,8,1,2194,7,5,0,0.31022846698760986
1,8,1,2195,7,7,1,0.213455930352211
1,8,1,2196,7,7,1,0.20109406113624573
1,8,1,2197,7,9,0,0.21057836711406708
1,8,1,2198,7,8,0,0.2409002184867859
1,8,1,2199,7,8,0,0.3537602424621582
1,8,1,2200,7,5,0,0.28857874870300293
1,8,1,2201,7,8,0,0.20611579716205597
1,8,1,2202,7,9,0,0.2175704538822174
1,8,1,2203,7,7,1,0.21090123057365417
1,8,1,2204,7,7,1,0.1764216423034668
1,8,2,2205,7,8,0,0.3305886387825012
1,8,2,2206,7,6,0,0.2420378476381302
1,8,2,2207,7,0,0,0.21767781674861908
1,8,2,2208,7,7,1,0.2746993899345398
1,8,2,2209,7,0,0,0.3629072308540344
1,8,2,2210,7,0,0,0.286810964345932
1,8,2,2211,7,0,0,0.2700234055519104
1,8,2,2212,7,0,0,0.4705568253993988
1,8,2,2213,7,0,0,0.46162641048431396
1,8,2,2214,7,7,1,0.5279151201248169
1,8,2,2215,7,7,1,0.22609169781208038
1,8,2,2216,7,8,0,0.199916809797287
1,8,2,2217,7,4,0,0.21933554112911224
1,8,3,2218,7,8,0,0.1822257936000824
1,8,3,2219,7,8,0,0.2968794107437134
1,8,3,2220,7,9,0,0.2539966106414795
1,8,3,2221,7,7,1,0.22677738964557648
1,8,3,2222,7,7,1,0.4533936083316803
1,8,3,2223,7,8,0,0.2272026687860489
1,8,3,2224,7,0,0,0.22730876505374908
1,8,3,2225,7,8,0,0.4381065368652344
1,8,3,2226,7,8,0,0.5374760627746582
1,8,3,2227,7,8,0,0.28196361660957336
1,8,3,2228,7,4,0,0.18978582322597504
1,8,3,2229,7,8,0,0.15670078992843628
1,8,3,2230,7,8,0,0.30892857909202576
1,8,3,2231,7,6,0,0.3901543915271759
1,8,4,2232,7,3,0,0.2467658668756485
1,8,4,2233,7,9,0,0.20138634741306305
1,8,4,2234,7,9,0,0.20319877564907074
1,8,4,2235,7,9,0,0.1977710723876953
1,8,4,2236,7,2,0,0.2420107126235962
1,8,4,2237,7,6,0,0.20854410529136658
1,8,4,2238,7,8,0,0.23691581189632416
1,8,4,2239,7,7,1,0.27670666575431824
1,8,4,2240,7,9,0,0.2670104205608368
1,8,4,2241,7,9,0,0.1831204742193222
1,8,4,2242,7,0,0,0.21803602576255798
1,8,4,2243,7,7,1,0.2649977505207062
1,8,4,2244,7,7,1,0.3252350986003876
1,8,4,2245,7,7,1,0.17377692461013794
1,8,4,2246,7,9,0,0.4323347210884094
1,8,4,2247,7,9,0,0.33069637417793274
1,8,4,2248,7,8,0,0.13399465382099152
1,8,5,2249,7,3,0,0.5628076195716858
1,8,5,2250,7,0,0,0.15107044577598572
1,8,5,2251,7,6,0,0.15666794776916504
1,8,5,2252,7,1,0,0.15464787185192108
1,8,5,2253,7,1,0,0.3404989540576935
1,8,5,2254,7,1,0,0.33697742223739624
1,8,5,2255,7,1,0,0.21900703012943268
1,8,5,2256,7,8,0,0.24707716703414917
1,8,5,2257,7,1,0,0.2288099080324173
1,8,5,2258,7,7,1,0.21001744270324707
1,8,5,2259,7,0,0,0.21705687046051025
1,8,5,2260,7,0,0,0.21908946335315704
1,8,5,2261,7,1,0,0.32367321848869324
1,8,5,2262,7,1,0,0.5142122507095337
1,8,5,2263,7,0,0,0.22183150053024292
1,8,5,2264,7,2,0,0.29465165734291077
1,8,5,2265,7,8,0,0.248821422457695
1,8,6,2266,7,8,0,0.14597856998443604
1,8,6,2267,7,8,0,0.16678807139396667
1,8,6,2268,7,0,0,0.18894024193286896
1,8,6,2269,7,6,0,0.43006160855293274
1,8,6,2270,7,6,0,0.22078970074653625
1,8,6,2271,7,9,0,0.3713420629501343
1,8,6,2272,7,8,0,0.20921607315540314
1,8,6,2273,7,2,0,0.23815521597862244
1,8,6,2274,7,2,0,0.26284512877464294
1,8,6,2275,7,7,1,0.30990245938301086
1,8,6,2276,7,2,0,0.4690021872520447
1,8,6,2277,7,7,1,0.2612941265106201
1,8,6,2278,7,7,1,0.5695083737373352
1,8,6,2279,7,8,0,0.39119869470596313
1,8,6,2280,7,8,0,0.30457526445388794
1,9,1,2281,8,9,0,0.20579002797603607
1,9,1,2282,8,0,0,0.2524357736110687
1,9,1,2283,8,8,1,0.2636813223361969
1,9,1,2284,8,8,1,0.31033018231391907
1,9,1,2285,8,9,0,0.2673500180244446
1,9,1,2286,8,9,0,0.23354071378707886
1,9,1,2287,8,2,0,0.1677897423505783
1,9,1,2288,8,2,0,0.1971421092748642
1,9,1,2289,8,2,0,0.18796968460083008
1,9,1,2290,8,9,0,0.2547363042831421
1,9,1,2291,8,1,0,0.17719519138336182
1,9,1,2292,8,1,0,0.24706535041332245
1,9,2,2293,8,6,0,0.24579010903835297
1,9,2,2294,8,8,1,0.377983033657074
1,9,2,2295,8,8,1,0.4737006723880768
1,9,2,2296,8,9,0,0.32686513662338257
1,9,2,2297,8,8,1,0.43032923340797424
1,9,2,2298,8,8,1,0.39899519085884094
1,9,2,2299,8,8,1,0.48458340764045715
1,9,3,2300,8,0,0,0.2556242048740387
1,9,3,2301,8,8,1,0.39828333258628845
1,9,3,2302,8,9,0,0.3410528898239136
1,9,3,2303,8,8,1,0.5471038222312927
1,9,3,2304,8,8,1,0.4955956041812897
1,9,3,2305,8,8,1,0.48477989435195923
1,9,3,2306,8,8,1,0.3613426983356476
1,9,3,2307,8,8,1,0.6198763847351074
1,9,3,2308,8,8,1,0.6915525197982788
1,9,3,2309,8,8,1,0.26102375984191895
1,9,3,2310,8,9,0,0.2043391615152359
1,9,3,2311,8,9,0,0.21255049109458923
1,9,3,2312,8,8,1,0.23426945507526398
1,9,3,2313,8,8,1,0.45873159170150757
1,9,3,2314,8,8,1,0.45909053087234497
1,9,4,2315,8,8,1,0.3546631634235382
1,9,4,2316,8,9,0,0.49007055163383484
1,9,4,2317,8,9,0,0.3601471781730652
1,9,4,2318,8,8,1,0.5560159087181091
1,9,4,2319,8,8,1,0.4511120915412903
1,9,4,2320,8,0,0,0.24002107977867126
1,9,4,2321,8,0,0,0.3501494824886322
1,9,4,2322,8,0,0,0.2959478199481964
1,9,4,2323,8,0,0,0.2660203278064728
1,9,4,2324,8,0,0,0.36477750539779663
1,9,4,2325,8,8,1,0.29295387864112854
1,9,4,2326,8,8,1,0.2432253509759903
1,9,4,2327,8,8,1,0.2721892297267914
1,9,5,2328,8,8,1,0.2550797462463379
1,9,5,2329,8,8,1,0.4907645583152771
1,9,5,2330,8,8,1,0.4739499092102051
1,9,5,2331,8,8,1,0.3320915102958679
1,9,5,2332,8,9,0,0.5010824799537659
1,9,5,2333,8,9,0,0.4357604384422302
1,9,5,2334,8,9,0,0.3774120509624481
1,9,5,2335,8,8,1,0.3097744286060333
1,9,5,2336,8,8,1,0.3233642280101776
1,9,5,2337,8,8,1,0.28022029995918274
1,9,5,2338,8,8,1,0.23094546794891357
1,9,6,2339,8,9,0,0.32745620608329773
1,9,6,2340,8,8,1,0.4040980339050293
1,9,6,2341,8,8,1,0.35773801803588867
1,9,6,2342,8,8,1,0.42787301540374756
1,9,6,2343,8,8,1,0.5431244969367981
1,9,6,2344,8,8,1,0.4131590723991394
1,9,6,2345,8,9,0,0.45407742261886597
1,9,6,2346,8,8,1,0.6546574831008911
1,9,6,2347,8,8,1,0.5770204663276672
1,9,6,2348,8,8,1,0.6652624607086182
1,9,6,2349,8,8,1,0.5253582000732422
1,9,6,2350,8,8,1,0.6437045931816101
1,9,6,2351,8,8,1,0.5762445330619812
1,9,6,2352,8,8,1,0.32914429903030396
1,9,6,2353,8,8,1,0.2949795126914978
1,10,1,2354,9,8,0,0.26193612813949585
1,10,1,2355,9,8,0,0.24672803282737732
1,10,1,2356,9,5,0,0.334698349237442
1,10,1,2357,9,5,0,0.24619212746620178
1,10,1,2358,9,5,0,0.41343143582344055
1,10,1,2359,9,9,1,0.4116906523704529
1,10,1,2360,9,9,1,0.6758566498756409
1,10,1,2361,9,9,1,0.3851642608642578
1,10,1,2362,9,9,1,0.4228467047214508
1,10,1,2363,9,9,1,0.45485377311706543
1,10,1,2364,9,9,1,0.7423446774482727
1,10,1,2365,9,9,1,0.7754666209220886
1,10,1,2366,9,9,1,0.2720099985599518
1,10,1,2367,9,8,0,0.4331391751766205
1,10,2,2368,9,0,0,0.2166561633348465
1,10,2,2369,9,8,0,0.2321494221687317
1,10,2,2370,9,9,1,0.20165202021598816
1,10,2,2371,9,9,1,0.4839097261428833
1,10,2,2372,9,9,1,0.671424388885498
1,10,2,2373,9,9,1,0.7488648891448975
1,10,2,2374,9,9,1,0.713258683681488
1,10,2,2375,9,9,1,0.5231819152832031
1,10,2,2376,9,9,1,0.6335850954055786
1,10,2,2377,9,9,1,0.2332136183977127
1,10,2,2378,9,5,0,0.44558024406433105
1,10,2,2379,9,5,0,0.6673937439918518
1,10,3,2380,9,9,1,0.28153547644615173
1,10,3,2381,9,9,1,0.2808915674686432
1,10,3,2382,9,8,0,0.3365075886249542
1,10,3,2383,9,9,1,0.7050763368606567
1,10,3,2384,9,9,1,0.4582458436489105
1,10,3,2385,9,9,1,0.5264396071434021
1,10,3,2386,9,9,1,0.4797808825969696
1,10,3,2387,9,9,1,0.35618552565574646
1,10,3,2388,9,5,0,0.4159267544746399
1,10,3,2389,9,9,1,0.348306268453598
1,10,3,2390,9,5,0,0.3474908173084259
1,10,3,2391,9,8,0,0.38556575775146484
1,10,3,2392,9,8,0,0.3547303378582001
1,10,4,2393,9,9,1,0.310451477766037
1,10,4,2394,9,9,1,0.3525199890136719
1,10,4,2395,9,9,1,0.46928709745407104
1,10,4,2396,9,9,1,0.7804077863693237
1,10,4,2397,9,9,1,0.724341630935669
1,10,4,2398,9,9,1,0.7498791217803955
1,10,4,2399,9,0,0,0.40759798884391785
1,10,4,2400,9,9,1,0.3329029679298401
1,10,4,2401,9,5,0,0.5230267643928528
1,10,4,2402,9,8,0,0.4447464942932129
1,10,5,2403,9,9,1,0.3491429090499878
1,10,5,2404,9,4,0,0.22735927999019623
1,10,5,2405,9,5,0,0.3200879991054535
1,10,5,2406,9,9,1,0.5728692412376404
1,10,5,2407,9,9,1,0.6951194405555725
1,10,5,2408,9,9,1,0.4057651162147522
1,10,5,2409,9,9,1,0.571124255657196
1,10,5,2410,9,9,1,0.701725423336029
1,10,5,2411,9,9,1,0.4746611714363098
1,10,5,2412,9,9,1,0.34746038913726807
1,10,5,2413,9,9,1,0.4223500192165375
1,10,5,2414,9,9,1,0.5049819946289062
1,10,5,2415,9,9,1,0.55506831407547
1,10,5,2416,9,9,1,0.5998924374580383
1,10,5,2417,9,5,0,0.5229250192642212
1,10,5,2418,9,9,1,0.27876731753349304
1,10,6,2419,9,9,1,0.32339978218078613
1,10,6,2420,9,9,1,0.39159658551216125
1,10,6,2421,9,9,1,0.6944906711578369
1,10,6,2422,9,9,1,0.8378756046295166
1,10,6,2423,9,9,1,0.8402854204177856
1,10,6,2424,9,9,1,0.7894518375396729
1,10,6,2425,9,9,1,0.7005760669708252
1,10,6,2426,9,9,1,0.5655325055122375
1,10,6,2427,9,9,1,0.40025895833969116
1,10,6,2428,9,9,1,0.43269240856170654
1,10,6,2429,9,2,0,0.29958611726760864
1,10,6,2430,9,5,0,0.36364808678627014
1,10,6,2431,9,5,0,0.6219117641448975
1,10,6,2432,9,5,0,0.40799185633659363
1,10,6,2433,9,5,0,0.4545620381832123
2,1,1,2434,0,0,1,0.33341002464294434
2,1,1,2435,0,0,1,0.2769356071949005
2,1,1,2436,0,0,1,0.4320371150970459
2,1,1,2437,0,0,1,0.4073545038700104
2,1,1,2438,0,0,1,0.46404898166656494
2,1,1,2439,0,0,1,0.4391048550605774
2,1,1,2440,0,8,0,0.3243616223335266
2,1,1,2441,0,7,0,0.18320968747138977
2,1,1,2442,0,9,0,0.183892622590065
2,1,1,2443,0,0,1,0.17961283028125763
2,1,1,2444,0,4,0,0.21555310487747192
2,1,2,2445,0,2,0,0.18079455196857452
2,1,2,2446,0,1,0,0.3997243344783783
2,1,2,2447,0,7,0,0.24578523635864258
2,1,2,2448,0,0,1,0.35322022438049316
2,1,2,2449,0,0,1,0.4095214903354645
2,1,2,2450,0,0,1,0.3112054169178009
2,1,2,2451,0,0,1,0.3995550274848938
2,1,2,2452,0,0,1,0.3706391453742981
2,1,2,2453,0,0,1,0.2533770203590393
2,1,2,2454,0,0,1,0.27938029170036316
2,1,2,2455,0,1,0,0.35095393657684326
2,1,2,2456,0,1,0,0.3688430190086365
2,1,2,2457,0,0,1,0.4712581932544708
2,1,3,2458,0,8,0,0.3216976821422577
2,1,3,2459,0,8,0,0.3914493918418884
2,1,3,2460,0,0,1,0.3522431552410126
2,1,3,2461,0,0,1,0.45279574394226074
2,1,3,2462,0,8,0,0.6119135022163391
2,1,3,2463,0,8,0,0.5624138116836548
2,1,3,2464,0,0,1,0.23845043778419495
2,1,3,2465,0,0,1,0.5817223787307739
2,1,3,2466,0,0,1,0.33416131138801575
2,1,3,2467,0,0,1,0.34281694889068604
2,1,3,2468,0,0,1,0.2557102143764496
2,1,3,2469,0,6,0,0.15991315245628357
2,1,3,2470,0,6,0,0.3176053464412689
2,1,4,2471,0,2,0,0.3024190366268158
2,1,4,2472,0,0,1,0.2723633050918579
2,1,4,2473,0,0,1,0.36307793855667114
2,1,4,2474,0,0,1,0.6447152495384216
2,1,4,2475,0,0,1,0.7159458994865417
2,1,4,2476,0,0,1,0.354727566242218
2,1,4,2477,0,0,1,0.38242876529693604
2,1,4,2478,0,0,1,0.2707814574241638
2,1,4,2479,0,0,1,0.3837817907333374
2,1,4,2480,0,0,1,0.4548284709453583
2,1,4,2481,0,0,1,0.35013556480407715
2,1,4,2482,0,0,1,0.43103331327438354
2,1,4,2483,0,0,1,0.41079849004745483
2,1,4,2484,0,0,1,0.2944105565547943
2,1,4,2485,0,8,0,0.3291621506214142
2,1,4,2486,0,2,0,0.15506353974342346
2,1,4,2487,0,2,0,0.1326281577348709
2,1,4,2488,0,1,0,0.1374986618757248
2,1,4,2489,0,0,1,0.20938317477703094
2,1,4,2490,0,6,0,0.1894133985042572
2,1,4,2491,0,6,0,0.24700282514095306
2,1,4,2492,0,6,0,0.1972113996744156
2,1,5,2493,0,9,0,0.24067683517932892
2,1,5,2494,0,9,0,0.2342381328344345
2,1,5,2495,0,7,0,0.2118229866027832
2,1,5,2496,0,0,1,0.5775815844535828
2,1,5,2497,0,0,1,0.42974621057510376
2,1,5,2498,0,0,1,0.45669418573379517
2,1,5,2499,0,0,1,0.588546097278595
2,1,5,2500,0,0,1,0.6078659892082214
2,1,5,2501,0,0,1,0.5015993714332581
2,1,5,2502,0,0,1,0.5740404725074768
2,1,5,2503,0,0,1,0.4382741153240204
2,1,5,2504,0,0,1,0.49692583084106445
2,1,5,2505,0,0,1,0.5328395366668701
2,1,5,2506,0,0,1,0.44806987047195435
2,1,5,2507,0,0,1,0.3260795772075653
2,1,5,2508,0,0,1,0.39438575506210327
2,1,5,2509,0,0,1,0.2727525234222412
2,1,5,2510,0,8,0,0.20035971701145172
2,1,5,2511,0,1,0,0.21892783045768738
2,1,6,2512,0,1,0,0.16199444234371185
2,1,6,2513,0,6,0,0.14120134711265564
2,1,6,2514,0,0,1,0.3733476400375366
2,1,6,2515,0,0,1,0.4294814169406891
2,1,6,2516,0,0,1,0.4472927451133728
2,1,6,2517,0,0,1,0.4732897877693176
2,1,6,2518,0,9,0,0.23375852406024933
2,1,6,2519,0,0,1,0.43708932399749756
2,1,6,2520,0,9,0,0.35568541288375854
2,1,6,2521,0,0,1,0.47433602809906006
2,1,6,2522,0,9,0,0.322466641664505
2,1,6,2523,0,0,1,0.3319997787475586
2,1,6,2524,0,0,1,0.29805365204811096
2,1,6,2525,0,0,1,0.4007166028022766
2,1,6,2526,0,0,1,0.5487741231918335
2,1,6,2527,0,0,1,0.4657139778137207
2,1,6,2528,0,0,1,0.493631511926651
2,1,6,2529,0,0,1,0.4062667787075043
2,1,6,2530,0,0,1,0.3452107012271881
2,1,6,2531,0,0,1,0.2684776186943054
2,1,6,2532,0,0,1,0.2633745074272156
2,1,6,2533,0,1,0,0.2884821891784668
2,1,6,2534,0,1,0,0.17326340079307556
2,2,1,2535,1,1,1,0.1581335961818695
2,2,1,2536,1,1,1,0.4677574038505554
2,2,1,2537,1,9,0,0.16592469811439514
2,2,1,2538,1,9,0,0.22287847101688385
2,2,1,2539,1,0,0,0.24175503849983215
2,2,1,2540,1,0,0,0.32268792390823364
2,2,1,2541,1,1,1,0.5687331557273865
2,2,1,2542,1,1,1,0.5820004940032959
2,2,1,2543,1,1,1,0.540854275226593
2,2,1,2544,1,1,1,0.41119441390037537
2,2,1,2545,1,2,0,0.22554808855056763
2,2,1,2546,1,0,0,0.3659322261810303
2,2,1,2547,1,0,0,0.38170701265335083
2,2,1,2548,1,0,0,0.3049596846103668
2,2,1,2549,1,0,0,0.5583863258361816
2,2,1,2550,1,1,1,0.2771759331226349
2,2,1,2551,1,0,0,0.31452760100364685
2,2,1,2552,1,1,1,0.21487067639827728
2,2,2,2553,1,6,0,0.20374105870723724
2,2,2,2554,1,6,0,0.2557518780231476
2,2,2,2555,1,9,0,0.20696766674518585
2,2,2,2556,1,9,0,0.19220179319381714
2,2,2,2557,1,1,1,0.18203456699848175
2,2,2,2558,1,0,0,0.26270726323127747
2,2,2,2559,1,1,1,0.5038744807243347
2,2,2,2560,1,1,1,0.4084567725658417
2,2,2,2561,1,1,1,0.6246508359909058
2,2,2,2562,1,1,1,0.6933878064155579
2,2,2,2563,1,1,1,0.6250946521759033
2,2,2,2564,1,1,1,0.4110044836997986
2,2,2,2565,1,1,1,0.6401088833808899
2,2,2,2566,1,1,1,0.38525083661079407
2,2,2,2567,1,1,1,0.40790635347366333
2,2,2,2568,1,0,0,0.31023672223091125
2,2,2,2569,1,0,0,0.25516849756240845
2,2,2,2570,1,0,0,0.2822701334953308
2,2,3,2571,1,5,0,0.1575673520565033
2,2,3,2572,1,1,1,0.21816737949848175
2,2,3,2573,1,1,1,0.22310787439346313
2,2,3,2574,1,1,1,0.23186132311820984
2,2,3,2575,1,5,0,0.211103156208992
2,2,3,2576,1,1,1,0.40642642974853516
2,2,3,2577,1,1,1,0.4773860573768616
2,2,3,2578,1,1,1,0.46326401829719543
2,2,3,2579,1,0,0,0.3796820640563965
2,2,3,2580,1,1,1,0.5364022850990295
2,2,3,2581,1,1,1,0.41333386301994324
2,2,3,2582,1,0,0,0.5570666790008545
2,2,3,2583,1,0,0,0.2916243374347687
2,2,3,2584,1,6,0,0.21409393846988678
2,2,3,2585,1,0,0,0.2427167445421219
2,2,3,2586,1,0,0,0.2621607184410095
2,2,4,2587,1,6,0,0.20603281259536743
2,2,4,2588,1,1,1,0.21904486417770386
2,2,4,2589,1,1,1,0.23435573279857635
2,2,4,2590,1,1,1,0.3318709135055542
2,2,4,2591,1,5,0,0.3577861785888672
2,2,4,2592,1,5,0,0.41777539253234863
2,2,4,2593,1,5,0,0.2747310400009155
2,2,4,2594,1,1,1,0.2551519572734833
2,2,4,2595,1,0,0,0.21572262048721313
2,2,4,2596,1,1,1,0.5740647315979004
2,2,4,2597,1,1,1,0.5506633520126343
2,2,4,2598,1,1,1,0.6226593255996704
2,2,4,2599,1,0,0,0.3879963457584381
2,2,4,2600,1,0,0,0.41067177057266235
2,2,4,2601,1,6,0,0.16119085252285004
2,2,4,2602,1,0,0,0.28934821486473083
2,2,4,2603,1,0,0,0.35888582468032837
2,2,4,2604,1,0,0,0.3770183026790619
2,2,4,2605,1,0,0,0.31237784028053284
2,2,4,2606,1,0,0,0.2864307463169098
2,2,5,2607,1,1,1,0.20056667923927307
2,2,5,2608,1,1,1,0.198309063911438
2,2,5,2609,1,1,1,0.3811584413051605
2,2,5,2610,1,1,1,0.4894733428955078
2,2,5,2611,1,1,1,0.4127312898635864
2,2,5,2612,1,1,1,0.31550705432891846
2,2,5,2613,1,1,1,0.4264295697212219
2,2,5,2614,1,0,0,0.44334518909454346
2,2,5,2615,1,0,0,0.37719666957855225
2,2,5,2616,1,1,1,0.45386892557144165
2,2,5,2617,1,1,1,0.32346880435943604
2,2,5,2618,1,6,0,0.2254544198513031
2,2,5,2619,1,0,0,0.19194209575653076
2,2,5,2620,1,3,0,0.2515072822570801
2,2,5,2621,1,6,0,0.21803849935531616
2,2,6,2622,1,8,0,0.1868084967136383
2,2,6,2623,1,5,0,0.3411564826965332
2,2,6,2624,1,3,0,0.1627415269613266
2,2,6,2625,1,0,0,0.24950887262821198
2,2,6,2626,1,1,1,0.5395705699920654
2,2,6,2627,1,1,1,0.5388251543045044
2,2,6,2628,1,1,1,0.5754663944244385
2,2,6,2629,1,1,1,0.5038626790046692
2,2,6,2630,1,1,1,0.6689225435256958
2,2,6,2631,1,1,1,0.600422739982605
2,2,6,2632,1,1,1,0.5010852813720703
2,2,6,2633,1,0,0,0.49948573112487793
2,2,6,2634,1,1,1,0.5481539964675903
2,2,6,2635,1,6,0,0.23246945440769196
2,2,6,2636,1,0,0,0.2706206738948822
2,2,6,2637,1,2,0,0.19275198876857758
2,2,6,2638,1,2,0,0.23176592588424683
2,2,6,2639,1,1,1,0.34338459372520447
2,2,6,2640,1,2,0,0.21031637489795685
2,2,6,2641,1,2,0,0.19788701832294464
2,3,1,2642,2,0,0,0.21300065517425537
2,3,1,2643,2,9,0,0.19472041726112366
2,3,1,2644,2,0,0,0.38278546929359436
2,3,1,2645,2,0,0,0.1989946961402893
2,3,1,2646,2,0,0,0.4169591963291168
2,3,1,2647,2,2,1,0.2694629430770874
2,3,1,2648,2,2,1,0.4296521246433258
2,3,1,2649,2,2,1,0.47757431864738464
2,3,1,2650,2,2,1,0.48025667667388916
2,3,1,2651,2,2,1,0.37983372807502747
2,3,2,2652,2,4,0,0.1759711056947708
2,3,2,2653,2,2,1,0.4757389724254608
2,3,2,2654,2,2,1,0.3838644325733185
2,3,2,2655,2,2,1,0.41771647334098816
2,3,2,2656,2,2,1,0.6632232666015625
2,3,2,2657,2,2,1,0.6031749844551086
2,3,2,2658,2,2,1,0.5086290836334229
2,3,2,2659,2,6,0,0.3026534616947174
2,3,2,2660,2,2,1,0.6113326549530029
2,3,2,2661,2,2,1,0.42820271849632263
2,3,2,2662,2,2,1,0.5727324485778809
2,3,2,2663,2,2,1,0.4928964078426361
2,3,2,2664,2,2,1,0.31908953189849854
2,3,2,2665,2,7,0,0.23870718479156494
2,3,2,2666,2,6,0,0.37786903977394104
2,3,2,2667,2,2,1,0.5330560803413391
2,3,2,2668,2,2,1,0.3247455358505249
2,3,2,2669,2,2,1,0.27711933851242065
2,3,2,2670,2,2,1,0.36887314915657043
2,3,2,2671,2,4,0,0.35435864329338074
2,3,3,2672,2,2,1,0.2059347927570343
2,3,3,2673,2,2,1,0.3474157154560089
2,3,3,2674,2,2,1,0.5511807203292847
2,3,3,2675,2,2,1,0.23493750393390656
2,3,3,2676,2,6,0,0.30783557891845703
2,3,3,2677,2,2,1,0.29142865538597107
2,3,3,2678,2,2,1,0.564885139465332
2,3,3,2679,2,2,1,0.7226333022117615
2,3,3,2680,2,2,1,0.3064170181751251
2,3,3,2681,2,2,1,0.27842599153518677
2,3,3,2682,2,4,0,0.33916163444519043
2,3,3,2683,2,4,0,0.2683430016040802
2,3,4,2684,2,2,1,0.28145983815193176
2,3,4,2685,2,2,1,0.3883703351020813
2,3,4,2686,2,6,0,0.33099454641342163
2,3,4,2687,2,2,1,0.7358202338218689
2,3,4,2688,2,6,0,0.2750057578086853
2,3,4,2689,2,2,1,0.42822030186653137
2,3,4,2690,2,2,1,0.3549635112285614
2,3,4,2691,2,2,1,0.6889451146125793
2,3,4,2692,2,2,1,0.7329390048980713
2,3,4,2693,2,2,1,0.4715828001499176
2,3,4,2694,2,2,1,0.5784927606582642
2,3,4,2695,2,2,1,0.42870378494262695
2,3,4,2696,2,4,0,0.3159172534942627
2,3,4,2697,2,4,0,0.3794432282447815
2,3,4,2698,2,4,0,0.34291601181030273
2,3,4,2699,2,2,1,0.2975146472454071
2,3,4,2700,2,4,0,0.2746981680393219
2,3,4,2701,2,4,0,0.2957632839679718
2,3,4,2702,2,4,0,0.32843437790870667
2,3,5,2703,2,2,1,0.3988812267780304
2,3,5,2704,2,0,0,0.22996769845485687
2,3,5,2705,2,2,1,0.5629755258560181
2,3,5,2706,2,2,1,0.3207191526889801
2,3,5,2707,2,2,1,0.7247145175933838
2,3,5,2708,2,2,1,0.7397060990333557
2,3,5,2709,2,2,1,0.6233668923377991
2,3,5,2710,2,2,1,0.8485493063926697
2,3,5,2711,2,2,1,0.837245762348175
2,3,5,2712,2,2,1,0.4521574079990387
2,3,5,2713,2,2,1,0.4134035110473633
2,3,5,2714,2,2,1,0.4572243392467499
2,3,5,2715,2,6,0,0.2358001172542572
2,3,5,2716,2,6,0,0.22856898605823517
2,3,6,2717,2,2,1,0.2991587519645691
2,3,6,2718,2,2,1,0.4375627040863037
2,3,6,2719,2,2,1,0.24973280727863312
2,3,6,2720,2,2,1,0.608435332775116
2,3,6,2721,2,2,1,0.37770816683769226
2,3,6,2722,2,2,1,0.5452555418014526
2,3,6,2723,2,2,1,0.839427649974823
2,3,6,2724,2,2,1,0.3003273904323578
2,3,6,2725,2,2,1,0.2807408571243286
2,3,6,2726,2,2,1,0.28437739610671997
2,3,6,2727,2,2,1,0.3394450545310974
2,3,6,2728,2,2,1,0.348998486995697
2,4,1,2729,3,5,0,0.40220218896865845
2,4,1,2730,3,3,1,0.29895737767219543
2,4,1,2731,3,5,0,0.3915330767631531
2,4,1,2732,3,5,0,0.46806788444519043
2,4,1,2733,3,5,0,0.3748869299888611
2,4,1,2734,3,3,1,0.5759342908859253
2,4,1,2735,3,3,1,0.40308356285095215
2,4,1,2736,3,3,1,0.5626532435417175
2,4,1,2737,3,5,0,0.48166900873184204
2,4,1,2738,3,5,0,0.4452163577079773
2,4,1,2739,3,3,1,0.5948057770729065
2,4,1,2740,3,3,1,0.73816978931427
2,4,1,2741,3,3,1,0.6900769472122192
2,4,1,2742,3,3,1,0.7354839444160461
2,4,1,2743,3,3,1,0.6459159851074219
2,4,1,2744,3,3,1,0.6285882592201233
2,4,1,2745,3,3,1,0.34224018454551697
2,4,1,2746,3,0,0,0.23583032190799713
2,4,1,2747,3,6,0,0.27681806683540344
2,4,1,2748,3,3,1,0.42658865451812744
2,4,1,2749,3,3,1,0.3093319237232208
2,4,1,2750,3,3,1,0.32727956771850586
2,4,1,2751,3,6,0,0.25728046894073486
2,4,1,2752,3,6,0,0.22671079635620117
2,4,1,2753,3,6,0,0.4560103118419647
2,4,1,2754,3,6,0,0.3787933588027954
2,4,2,2755,3,5,0,0.2338065505027771
2,4,2,2756,3,3,1,0.7283475995063782
2,4,2,2757,3,3,1,0.8615438938140869
2,4,2,2758,3,5,0,0.4382322132587433
2,4,2,2759,3,3,1,0.5251211524009705
2,4,2,2760,3,3,1,0.6706432104110718
2,4,2,2761,3,5,0,0.4614247679710388
2,4,2,2762,3,3,1,0.40051183104515076
2,4,2,2763,3,3,1,0.4797801077365875
2,4,2,2764,3,3,1,0.541729748249054
2,4,2,2765,3,3,1,0.5636481642723083
2,4,2,2766,3,3,1,0.6935864090919495
2,4,2,2767,3,3,1,0.918018102645874
2,4,2,2768,3,3,1,0.7551902532577515
2,4,2,2769,3,0,0,0.2761475741863251
2,4,2,2770,3,3,1,0.3585100769996643
2,4,2,2771,3,0,0,0.3099617063999176
2,4,2,2772,3,3,1,0.43496575951576233
2,4,2,2773,3,6,0,0.31932196021080017
2,4,2,2774,3,0,0,0.24197286367416382
2,4,2,2775,3,3,1,0.6188706755638123
2,4,2,2776,3,3,1,0.5858418345451355
2,4,2,2777,3,6,0,0.3437614440917969
2,4,2,2778,3,6,0,0.2556696832180023
2,4,2,2779,3,2,0,0.2691871225833893
2,4,2,2780,3,2,0,0.2703298330307007
2,4,2,2781,3,2,0,0.2526330351829529
2,4,3,2782,3,5,0,0.1717318892478943
2,4,3,2783,3,3,1,0.4067226052284241
2,4,3,2784,3,3,1,0.7166946530342102
2,4,3,2785,3,3,1,0.7698333859443665
2,4,3,2786,3,3,1,0.8125312924385071
2,4,3,2787,3,3,1,0.7060803174972534
2,4,3,2788,3,3,1,0.8190707564353943
2,4,3,2789,3,3,1,0.7553278803825378
2,4,3,2790,3,3,1,0.5463775992393494
2,4,3,2791,3,3,1,0.6808391213417053
2,4,3,2792,3,3,1,0.4403485357761383
2,4,3,2793,3,3,1,0.252115935087204
2,4,3,2794,3,1,0,0.3061211407184601
2,4,3,2795,3,3,1,0.43435850739479065
2,4,3,2796,3,3,1,0.4335119426250458
2,4,3,2797,3,3,1,0.7867065668106079
2,4,3,2798,3,3,1,0.8480826616287231
2,4,3,2799,3,3,1,0.6778636574745178
2,4,3,2800,3,3,1,0.6604567766189575
2,4,3,2801,3,3,1,0.5939886569976807
2,4,3,2802,3,3,1,0.6340057253837585
2,4,3,2803,3,3,1,0.7047615051269531
2,4,3,2804,3,2,0,0.20949889719486237
2,4,4,2805,3,6,0,0.21114088594913483
2,4,4,2806,3,5,0,0.26830193400382996
2,4,4,2807,3,3,1,0.7709892392158508
2,4,4,2808,3,3,1,0.763286828994751
2,4,4,2809,3,3,1,0.6779934763908386
2,4,4,2810,3,3,1,0.6944852471351624
2,4,4,2811,3,3,1,0.4429267942905426
2,4,4,2812,3,7,0,0.1968109905719757
2,4,4,2813,3,9,0,0.1582256704568863
2,4,4,2814,3,9,0,0.21749748289585114
2,4,4,2815,3,3,1,0.569426953792572
2,4,4,2816,3,3,1,0.5039500594139099
2,4,4,2817,3,3,1,0.3919132947921753
2,4,4,2818,3,3,1,0.5311939120292664
2,4,4,2819,3,3,1,0.3563760817050934
2,4,4,2820,3,3,1,0.5532844066619873
2,4,4,2821,3,3,1,0.645574152469635
2,4,4,2822,3,3,1,0.5577374696731567
2,4,4,2823,3,3,1,0.3155733346939087
2,4,5,2824,3,7,0,0.23554660379886627
2,4,5,2825,3,5,0,0.25793442130088806
2,4,5,2826,3,3,1,0.25866594910621643
2,4,5,2827,3,1,0,0.21745000779628754
2,4,5,2828,3,1,0,0.3597252368927002
2,4,5,2829,3,3,1,0.8353221416473389
2,4,5,2830,3,2,0,0.263912171125412
2,4,5,2831,3,2,0,0.25191548466682434
2,4,5,2832,3,2,0,0.3668905198574066
2,4,5,2833,3,2,0,0.2758740186691284
2,4,5,2834,3,2,0,0.38568115234375
2,4,5,2835,3,3,1,0.5879976749420166
2,4,5,2836,3,4,0,0.3663957417011261
2,4,5,2837,3,4,0,0.26805561780929565
2,4,5,2838,3,4,0,0.30541279911994934
2,4,5,2839,3,4,0,0.25377988815307617
2,4,5,2840,3,4,0,0.1886921375989914
2,4,6,2841,3,5,0,0.44803354144096375
2,4,6,2842,3,3,1,0.36801400780677795
2,4,6,2843,3,3,1,0.37533971667289734
2,4,6,2844,3,3,1,0.4900225102901459
2,4,6,2845,3,3,1,0.4645039737224579
2,4,6,2846,3,0,0,0.24031813442707062
2,4,6,2847,3,9,0,0.2589300572872162
2,4,6,2848,3,7,0,0.2027481198310852
2,4,6,2849,3,7,0,0.23645542562007904
2,4,6,2850,3,0,0,0.17248472571372986
2,4,6,2851,3,3,1,0.47526824474334717
2,4,6,2852,3,3,1,0.8639301657676697
2,4,6,2853,3,3,1,0.7219476103782654
2,4,6,2854,3,3,1,0.6484586000442505
2,4,6,2855,3,2,0,0.2064814567565918
2,4,6,2856,3,2,0,0.28624269366264343
2,4,6,2857,3,2,0,0.33628302812576294
2,4,6,2858,3,2,0,0.2971433401107788
2,5,1,2859,4,4,1,0.5164353251457214
2,5,1,2860,4,2,0,0.43482619524002075
2,5,1,2861,4,4,1,0.7049674987792969
2,5,1,2862,4,4,1,0.6342252492904663
2,5,1,2863,4,4,1,0.7172157764434814
2,5,1,2864,4,4,1,0.6839606165885925
2,5,1,2865,4,4,1,0.5820841193199158
2,5,1,2866,4,4,1,0.538931667804718
2,5,1,2867,4,4,1,0.3248074948787689
2,5,1,2868,4,2,0,0.3084697127342224
2,5,1,2869,4,4,1,0.32297345995903015
2,5,1,2870,4,2,0,0.27495214343070984
2,5,1,2871,4,6,0,0.374472975730896
2,5,1,2872,4,4,1,0.22833077609539032
2,5,1,2873,4,4,1,0.30562952160835266
2,5,1,2874,4,2,0,0.2881287932395935
2,5,2,2875,4,4,1,0.6756858825683594
2,5,2,2876,4,4,1,0.4736562669277191
2,5,2,2877,4,4,1,0.5869343876838684
2,5,2,2878,4,4,1,0.5895987153053284
2,5,2,2879,4,4,1,0.7056156992912292
2,5,2,2880,4,4,1,0.7491729855537415
2,5,2,2881,4,4,1,0.682357668876648
2,5,2,2882,4,4,1,0.7876487970352173
2,5,2,2883,4,4,1,0.8280033469200134
2,5,2,2884,4,4,1,0.8530078530311584
2,5,2,2885,4,2,0,0.4095116853713989
2,5,2,2886,4,4,1,0.3263092637062073
2,5,2,2887,4,4,1,0.2938074767589569
2,5,2,2888,4,4,1,0.25585678219795227
2,5,2,2889,4,4,1,0.32596197724342346
2,5,2,2890,4,2,0,0.3198946416378021
2,5,2,2891,4,4,1,0.3062581717967987
2,5,2,2892,4,4,1,0.23318342864513397
2,5,2,2893,4,4,1,0.22916238009929657
2,5,3,2894,4,2,0,0.460661381483078
2,5,3,2895,4,4,1,0.7710275650024414
2,5,3,2896,4,4,1,0.7515214085578918
2,5,3,2897,4,4,1,0.7495680451393127
2,5,3,2898,4,4,1,0.5070748329162598
2,5,3,2899,4,4,1,0.5090305805206299
2,5,3,2900,4,4,1,0.5998135805130005
2,5,3,2901,4,4,1,0.4584377706050873
2,5,3,2902,4,4,1,0.7102283239364624
2,5,3,2903,4,4,1,0.48026785254478455
2,5,3,2904,4,4,1,0.4277283847332001
2,5,3,2905,4,2,0,0.4212583601474762
2,5,3,2906,4,4,1,0.3032234311103821
2,5,3,2907,4,4,1,0.37780386209487915
2,5,3,2908,4,4,1,0.3656814992427826
2,5,3,2909,4,4,1,0.41518259048461914
2,5,3,2910,4,4,1,0.40705472230911255
2,5,3,2911,4,4,1,0.32355403900146484
2,5,3,2912,4,4,1,0.3255634307861328
2,5,3,2913,4,4,1,0.3758312463760376
2,5,4,2914,4,4,1,0.35860776901245117
2,5,4,2915,4,4,1,0.5097673535346985
2,5,4,2916,4,4,1,0.7684794068336487
2,5,4,2917,4,4,1,0.8051630854606628
2,5,4,2918,4,4,1,0.5803364515304565
2,5,4,2919,4,4,1,0.7956255674362183
2,5,4,2920,4,4,1,0.6818902492523193
2,5,4,2921,4,2,0,0.34662607312202454
2,5,4,2922,4,2,0,0.34428292512893677
2,5,4,2923,4,4,1,0.28935888409614563
2,5,4,2924,4,4,1,0.284257709980011
2,5,4,2925,4,4,1,0.3265603184700012
2,5,4,2926,4,4,1,0.3966222405433655
2,5,4,2927,4,4,1,0.3094608783721924
2,5,4,2928,4,4,1,0.38140133023262024
2,5,4,2929,4,4,1,0.3539752662181854
2,5,4,2930,4,4,1,0.3220584988594055
2,5,4,2931,4,4,1,0.3141966760158539
2,5,4,2932,4,4,1,0.3712950646877289
2,5,4,2933,4,4,1,0.23694925010204315
2,5,5,2934,4,4,1,0.24687589704990387
2,5,5,2935,4,4,1,0.37887099385261536
2,5,5,2936,4,5,0,0.31971344351768494
2,5,5,2937,4,4,1,0.3572767376899719
2,5,5,2938,4,4,1,0.3508208692073822
2,5,5,2939,4,4,1,0.5520106554031372
2,5,5,2940,4,2,0,0.3657328188419342
2,5,5,2941,4,2,0,0.34051698446273804
2,5,5,2942,4,4,1,0.37700459361076355
2,5,5,2943,4,4,1,0.5124996900558472
2,5,5,2944,4,4,1,0.5887335538864136
2,5,5,2945,4,4,1,0.6231402158737183
2,5,5,2946,4,4,1,0.4622853994369507
2,5,5,2947,4,4,1,0.38794296979904175
2,5,5,2948,4,4,1,0.34273168444633484
2,5,5,2949,4,2,0,0.42764729261398315
2,5,6,2950,4,4,1,0.3598231077194214
2,5,6,2951,4,2,0,0.4942704737186432
2,5,6,2952,4,4,1,0.4156542122364044
2,5,6,2953,4,4,1,0.6685876250267029
2,5,6,2954,4,4,1,0.4172517657279968
2,5,6,2955,4,2,0,0.36553776264190674
2,5,6,2956,4,4,1,0.435189425945282
2,5,6,2957,4,2,0,0.40827345848083496
2,5,6,2958,4,2,0,0.451922744512558
2,5,6,2959,4,4,1,0.4307171702384949
2,5,6,2960,4,2,0,0.5140290856361389
2,5,6,2961,4,2,0,0.3316270112991333
2,5,6,2962,4,4,1,0.26230818033218384
2,5,6,2963,4,2,0,0.19655227661132812
2,5,6,2964,4,6,0,0.29819348454475403
2,5,6,2965,4,4,1,0.25760096311569214
2,5,6,2966,4,4,1,0.3871174156665802
2,5,6,2967,4,4,1,0.2752182185649872
2,5,6,2968,4,4,1,0.2612043619155884
2,5,6,2969,4,5,0,0.23581504821777344
2,5,6,2970,4,4,1,0.28290730714797974
2,6,1,2971,5,6,0,0.3971826136112213
2,6,1,2972,5,6,0,0.24528644979000092
2,6,1,2973,5,6,0,0.24175797402858734
2,6,1,2974,5,3,0,0.3337268829345703
2,6,1,2975,5,5,1,0.2772115468978882
2,6,1,2976,5,5,1,0.39044320583343506
2,6,1,2977,5,6,0,0.5289627909660339
2,6,1,2978,5,6,0,0.54038006067276
2,6,1,2979,5,6,0,0.3547136187553406
2,6,1,2980,5,5,1,0.5331059694290161
2,6,1,2981,5,2,0,0.42268627882003784
2,6,2,2982,5,5,1,0.43684121966362
2,6,2,2983,5,3,0,0.4589405357837677
2,6,2,2984,5,3,0,0.6167615056037903
2,6,2,2985,5,5,1,0.3551534116268158
2,6,2,2986,5,5,1,0.5193440914154053
2,6,2,2987,5,5,1,0.368133008480072
2,6,2,2988,5,5,1,0.47194111347198486
2,6,2,2989,5,7,0,0.3528099060058594
2,6,2,2990,5,7,0,0.22763444483280182
2,6,2,2991,5,2,0,0.16277316212654114
2,6,2,2992,5,7,0,0.22126086056232452
2,6,2,2993,5,5,1,0.6260281801223755
2,6,2,2994,5,3,0,0.3578681945800781
2,6,2,2995,5,3,0,0.4097980558872223
2,6,2,2996,5,4,0,0.3408137261867523
2,6,2,2997,5,2,0,0.26505404710769653
2,6,3,2998,5,6,0,0.20737281441688538
2,6,3,2999,5,3,0,0.563377857208252
2,6,3,3000,5,5,1,0.4634345769882202
2,6,3,3001,5,3,0,0.3938818573951721
2,6,3,3002,5,5,1,0.42456430196762085
2,6,3,3003,5,5,1,0.3213573396205902
2,6,3,3004,5,5,1,0.24303503334522247
2,6,3,3005,5,5,1,0.5101831555366516
2,6,3,3006,5,5,1,0.49835988879203796
2,6,3,3007,5,5,1,0.34146228432655334
2,6,3,3008,5,2,0,0.3069235384464264
2,6,3,3009,5,4,0,0.3295828402042389
2,6,3,3010,5,4,0,0.3018385171890259
2,6,3,3011,5,5,1,0.8497495055198669
2,6,3,3012,5,4,0,0.28007760643959045
2,6,3,3013,5,2,0,0.3210943937301636
2,6,3,3014,5,2,0,0.2792716920375824
2,6,4,3015,5,5,1,0.21421703696250916
2,6,4,3016,5,5,1,0.3262041211128235
2,6,4,3017,5,5,1,0.30408957600593567
2,6,4,3018,5,5,1,0.36420610547065735
2,6,4,3019,5,6,0,0.2572537958621979
2,6,4,3020,5,6,0,0.3350030779838562
2,6,4,3021,5,5,1,0.411763459444046
2,6,4,3022,5,7,0,0.2936497926712036
2,6,4,3023,5,5,1,0.2882015109062195
2,6,4,3024,5,5,1,0.3625467121601105
2,6,4,3025,5,7,0,0.2489204704761505
2,6,4,3026,5,7,0,0.39680933952331543
2,6,4,3027,5,7,0,0.40992963314056396
2,6,4,3028,5,5,1,0.41035953164100647
2,6,4,3029,5,5,1,0.5401371717453003
2,6,4,3030,5,6,0,0.3486364185810089
2,6,4,3031,5,6,0,0.3888641893863678
2,6,4,3032,5,5,1,0.5494681596755981
2,6,4,3033,5,5,1,0.4941558539867401
2,6,4,3034,5,5,1,0.41826239228248596
2,6,4,3035,5,5,1,0.6476075053215027
2,6,4,3036,5,2,0,0.42348727583885193
2,6,4,3037,5,4,0,0.3521151840686798
2,6,4,3038,5,4,0,0.4585830271244049
2,6,4,3039,5,2,0,0.35311970114707947
2,6,5,3040,5,5,1,0.22221174836158752
2,6,5,3041,5,5,1,0.3267042338848114
2,6,5,3042,5,5,1,0.34282350540161133
2,6,5,3043,5,5,1,0.2818244993686676
2,6,5,3044,5,9,0,0.32430171966552734
2,6,5,3045,5,7,0,0.29639309644699097
2,6,5,3046,5,6,0,0.3354589343070984
2,6,5,3047,5,6,0,0.30935433506965637
2,6,5,3048,5,2,0,0.48749640583992004
2,6,5,3049,5,6,0,0.31765350699424744
2,6,6,3050,5,7,0,0.3214726746082306
2,6,6,3051,5,5,1,0.3171398937702179
2,6,6,3052,5,5,1,0.31520238518714905
2,6,6,3053,5,6,0,0.306640625
2,6,6,3054,5,5,1,0.4169750511646271
2,6,6,3055,5,5,1,0.4767724871635437
2,6,6,3056,5,6,0,0.26572561264038086
2,6,6,3057,5,6,0,0.1604904681444168
2,6,6,3058,5,6,0,0.22890746593475342
2,6,6,3059,5,2,0,0.2569027245044708
2,6,6,3060,5,2,0,0.25016531348228455
2,6,6,3061,5,2,0,0.23914708197116852
2,7,1,3062,6,6,1,0.36234644055366516
2,7,1,3063,6,6,1,0.2652774155139923
2,7,1,3064,6,6,1,0.2892149090766907
2,7,1,3065,6,6,1,0.35483288764953613
2,7,1,3066,6,6,1,0.31768566370010376
2,7,1,3067,6,6,1,0.6325690150260925
2,7,1,3068,6,6,1,0.6662881374359131
2,7,1,3069,6,6,1,0.2614402770996094
2,7,1,3070,6,6,1,0.26179754734039307
2,7,1,3071,6,6,1,0.4038732945919037
2,7,1,3072,6,6,1,0.7004411816596985
2,7,1,3073,6,6,1,0.6527361273765564
2,7,1,3074,6,6,1,0.6190271377563477
2,7,1,3075,6,6,1,0.5867390632629395
2,7,1,3076,6,6,1,0.5527605414390564
2,7,1,3077,6,6,1,0.6025249361991882
2,7,1,3078,6,6,1,0.41360387206077576
2,7,1,3079,6,6,1,0.473255455493927
2,7,1,3080,6,6,1,0.6166877746582031
2,7,1,3081,6,2,0,0.2975671887397766
2,7,1,3082,6,2,0,0.34086334705352783
2,7,1,3083,6,2,0,0.2790943682193756
2,7,1,3084,6,2,0,0.19993998110294342
2,7,1,3085,6,3,0,0.1498020887374878
2,7,2,3086,6,7,0,0.15582992136478424
2,7,2,3087,6,2,0,0.15896426141262054
2,7,2,3088,6,7,0,0.34569403529167175
2,7,2,3089,6,5,0,0.2793026864528656
2,7,2,3090,6,9,0,0.23163986206054688
2,7,2,3091,6,7,0,0.2926560640335083
2,7,2,3092,6,7,0,0.3224159777164459
2,7,2,3093,6,6,1,0.4279816150665283
2,7,2,3094,6,6,1,0.6235519051551819
2,7,2,3095,6,6,1,0.3937191963195801
2,7,2,3096,6,6,1,0.38278838992118835
2,7,2,3097,6,6,1,0.4076947867870331
2,7,2,3098,6,2,0,0.35411933064460754
2,7,2,3099,6,6,1,0.2909606397151947
2,7,2,3100,6,6,1,0.49565547704696655
2,7,2,3101,6,6,1,0.568393886089325
2,7,2,3102,6,2,0,0.43098020553588867
2,7,2,3103,6,2,0,0.5084893703460693
2,7,2,3104,6,2,0,0.2480711191892624
2,7,2,3105,6,2,0,0.2748899757862091
2,7,2,3106,6,2,0,0.23221926391124725
2,7,3,3107,6,1,0,0.29778724908828735
2,7,3,3108,6,6,1,0.27110785245895386
2,7,3,3109,6,1,0,0.20795907080173492
2,7,3,3110,6,5,0,0.18836820125579834
2,7,3,3111,6,9,0,0.22822043299674988
2,7,3,3112,6,9,0,0.21647235751152039
2,7,3,3113,6,7,0,0.2892981469631195
2,7,3,3114,6,6,1,0.4538833200931549
2,7,3,3115,6,7,0,0.44175538420677185
2,7,3,3116,6,6,1,0.30858802795410156
2,7,3,3117,6,7,0,0.20855648815631866
2,7,3,3118,6,7,0,0.21082423627376556
2,7,3,3119,6,6,1,0.17685090005397797
2,7,3,3120,6,6,1,0.2516026496887207
2,7,3,3121,6,6,1,0.3834545314311981
2,7,3,3122,6,6,1,0.3499542474746704
2,7,3,3123,6,6,1,0.6059615015983582
2,7,3,3124,6,6,1,0.5949205160140991
2,7,3,3125,6,6,1,0.5816354155540466
2,7,3,3126,6,6,1,0.3775905668735504
2,7,3,3127,6,6,1,0.47572240233421326
2,7,3,3128,6,6,1,0.7027767300605774
2,7,4,3129,6,6,1,0.22645537555217743
2,7,4,3130,6,6,1,0.1925811618566513
2,7,4,3131,6,6,1,0.24253033101558685
2,7,4,3132,6,6,1,0.3856322765350342
2,7,4,3133,6,7,0,0.22760699689388275
2,7,4,3134,6,5,0,0.16957835853099823
2,7,4,3135,6,6,1,0.4743938744068146
2,7,4,3136,6,6,1,0.42979180812835693
2,7,4,3137,6,6,1,0.3663484454154968
2,7,4,3138,6,6,1,0.3780873715877533
2,7,4,3139,6,6,1,0.4314471185207367
2,7,4,3140,6,6,1,0.3986148536205292
2,7,4,3141,6,7,0,0.6031332612037659
2,7,4,3142,6,6,1,0.35326844453811646
2,7,4,3143,6,6,1,0.4830906391143799
2,7,4,3144,6,6,1,0.40708857774734497
2,7,4,3145,6,6,1,0.5293582081794739
2,7,4,3146,6,6,1,0.36142364144325256
2,7,4,3147,6,6,1,0.33540284633636475
2,7,4,3148,6,6,1,0.4155951142311096
2,7,4,3149,6,6,1,0.34770333766937256
2,7,4,3150,6,6,1,0.41363129019737244
2,7,4,3151,6,6,1,0.37369304895401
2,7,4,3152,6,2,0,0.2914316952228546
2,7,4,3153,6,4,0,0.3212871551513672
2,7,4,3154,6,4,0,0.2719513773918152
2,7,4,3155,6,2,0,0.3026367425918579
2,7,5,3156,6,6,1,0.2686467468738556
2,7,5,3157,6,6,1,0.22477981448173523
2,7,5,3158,6,9,0,0.22401045262813568
2,7,5,3159,6,6,1,0.1602904349565506
2,7,5,3160,6,2,0,0.27007031440734863
2,7,5,3161,6,7,0,0.2918368875980377
2,7,5,3162,6,7,0,0.3035261332988739
2,7,5,3163,6,5,0,0.4419228136539459
2,7,5,3164,6,9,0,0.23065485060214996
2,7,5,3165,6,6,1,0.285175621509552
2,7,5,3166,6,6,1,0.3800230324268341
2,7,5,3167,6,7,0,0.32840287685394287
2,7,5,3168,6,6,1,0.35509106516838074
2,7,5,3169,6,6,1,0.2331848293542862
2,7,5,3170,6,6,1,0.31877321004867554
2,7,5,3171,6,2,0,0.19309106469154358
2,7,5,3172,6,6,1,0.21652770042419434
2,7,5,3173,6,6,1,0.463107705116272
2,7,5,3174,6,2,0,0.31337887048721313
2,7,5,3175,6,2,0,0.4662740230560303
2,7,5,3176,6,2,0,0.5193691849708557
2,7,5,3177,6,2,0,0.27450788021087646
2,7,6,3178,6,7,0,0.18286430835723877
2,7,6,3179,6,0,0,0.1941826492547989
2,7,6,3180,6,0,0,0.22635217010974884
2,7,6,3181,6,9,0,0.26517951488494873
2,7,6,3182,6,6,1,0.2753026485443115
2,7,6,3183,6,9,0,0.22411225736141205
2,7,6,3184,6,6,1,0.5030269622802734
2,7,6,3185,6,6,1,0.42087221145629883
2,7,6,3186,6,6,1,0.6726623177528381
2,7,6,3187,6,6,1,0.4767463803291321
2,7,6,3188,6,6,1,0.5800840258598328
2,7,6,3189,6,6,1,0.39685478806495667
2,7,6,3190,6,6,1,0.4343239367008209
2,7,6,3191,6,6,1,0.5912078619003296
2,7,6,3192,6,6,1,0.5861130952835083
2,7,6,3193,6,4,0,0.29841554164886475
2,7,6,3194,6,4,0,0.3037354350090027
2,8,1,3195,7,6,0,0.22330284118652344
2,8,1,3196,7,7,1,0.28462815284729004
2,8,1,3197,7,7,1,0.6074312329292297
2,8,1,3198,7,7,1,0.8445080518722534
2,8,1,3199,7,7,1,0.5360180735588074
2,8,1,3200,7,7,1,0.7053694128990173
2,8,1,3201,7,7,1,0.8428880572319031
2,8,1,3202,7,7,1,0.9252249002456665
2,8,1,3203,7,7,1,0.7926376461982727
2,8,1,3204,7,7,1,0.9300893545150757
2,8,1,3205,7,7,1,0.6563014984130859
2,8,1,3206,7,7,1,0.4075784683227539
2,8,1,3207,7,7,1,0.5423029065132141
2,8,1,3208,7,6,0,0.4783324599266052
2,8,1,3209,7,6,0,0.30547672510147095
2,8,1,3210,7,6,0,0.22585970163345337
2,8,1,3211,7,6,0,0.2562244236469269
2,8,2,3212,7,6,0,0.32356101274490356
2,8,2,3213,7,6,0,0.16794781386852264
2,8,2,3214,7,7,1,0.2752133905887604
2,8,2,3215,7,7,1,0.4033573269844055
2,8,2,3216,7,7,1,0.35844892263412476
2,8,2,3217,7,7,1,0.7501769065856934
2,8,2,3218,7,7,1,0.5989468097686768
2,8,2,3219,7,7,1,0.853177547454834
2,8,2,3220,7,7,1,0.4154551923274994
2,8,2,3221,7,7,1,0.8438246250152588
2,8,2,3222,7,7,1,0.43197348713874817
2,8,2,3223,7,7,1,0.49555522203445435
2,8,2,3224,7,7,1,0.7666494846343994
2,8,2,3225,7,7,1,0.6488243937492371
2,8,2,3226,7,4,0,0.22233138978481293
2,8,3,3227,7,9,0,0.3063598573207855
2,8,3,3228,7,9,0,0.28755417466163635
2,8,3,3229,7,9,0,0.28090593218803406
2,8,3,3230,7,7,1,0.1887805014848709
2,8,3,3231,7,7,1,0.6130255460739136
2,8,3,3232,7,7,1,0.8996885418891907
2,8,3,3233,7,7,1,0.4444829225540161
2,8,3,3234,7,7,1,0.45898038148880005
2,8,3,3235,7,7,1,0.5288100242614746
2,8,3,3236,7,7,1,0.7710418105125427
2,8,3,3237,7,7,1,0.56850266456604
2,8,3,3238,7,7,1,0.5025763511657715
2,8,3,3239,7,7,1,0.5469917058944702
2,8,3,3240,7,7,1,0.3485577404499054
2,8,3,3241,7,9,0,0.24036972224712372
2,8,3,3242,7,9,0,0.20259560644626617
2,8,3,3243,7,9,0,0.2373109757900238
2,8,3,3244,7,6,0,0.36638450622558594
2,8,3,3245,7,8,0,0.3823328912258148
2,8,3,3246,7,8,0,0.24936284124851227
2,8,3,3247,7,7,1,0.20646269619464874
2,8,4,3248,7,8,0,0.25105637311935425
2,8,4,3249,7,9,0,0.2598656415939331
2,8,4,3250,7,7,1,0.47791194915771484
2,8,4,3251,7,7,1,0.7256556749343872
2,8,4,3252,7,7,1,0.6353443264961243
2,8,4,3253,7,7,1,0.8301202058792114
2,8,4,3254,7,7,1,0.8853289484977722
2,8,4,3255,7,7,1,0.8352100253105164
2,8,4,3256,7,7,1,0.79457688331604
2,8,4,3257,7,7,1,0.7787115573883057
2,8,4,3258,7,7,1,0.7714225649833679
2,8,4,3259,7,7,1,0.24854542315006256
2,8,4,3260,7,7,1,0.3220342993736267
2,8,4,3261,7,6,0,0.25520119071006775
2,8,4,3262,7,6,0,0.17765600979328156
2,8,4,3263,7,7,1,0.19411425292491913
2,8,4,3264,7,9,0,0.2527395784854889
2,8,5,3265,7,8,0,0.20653299987316132
2,8,5,3266,7,5,0,0.18006400763988495
2,8,5,3267,7,5,0,0.18461759388446808
2,8,5,3268,7,5,0,0.24549634754657745
2,8,5,3269,7,9,0,0.23836517333984375
2,8,5,3270,7,2,0,0.2728731632232666
2,8,5,3271,7,8,0,0.23737439513206482
2,8,5,3272,7,2,0,0.2150401473045349
2,8,5,3273,7,7,1,0.9442660212516785
2,8,5,3274,7,7,1,0.6702945828437805
2,8,5,3275,7,7,1,0.6050245761871338
2,8,5,3276,7,7,1,0.888154923915863
2,8,5,3277,7,7,1,0.3614991009235382
2,8,5,3278,7,9,0,0.3346417546272278
2,8,5,3279,7,6,0,0.28453460335731506
2,8,5,3280,7,9,0,0.26423779129981995
2,8,5,3281,7,9,0,0.255456805229187
2,8,5,3282,7,9,0,0.294569194316864
2,8,5,3283,7,8,0,0.26112285256385803
2,8,6,3284,7,9,0,0.3977423906326294
2,8,6,3285,7,2,0,0.1859533041715622
2,8,6,3286,7,7,1,0.278161883354187
2,8,6,3287,7,7,1,0.9803683161735535
2,8,6,3288,7,7,1,0.9466177225112915
2,8,6,3289,7,7,1,0.9651036858558655
2,8,6,3290,7,7,1,0.9322972893714905
2,8,6,3291,7,7,1,0.855942964553833
2,8,6,3292,7,7,1,0.8536421060562134
2,8,6,3293,7,7,1,0.49753811955451965
2,8,6,3294,7,7,1,0.5500870943069458
2,8,6,3295,7,7,1,0.6710149645805359
2,8,6,3296,7,7,1,0.837539553642273
2,8,6,3297,7,7,1,0.45436954498291016
2,8,6,3298,7,6,0,0.40252429246902466
2,8,6,3299,7,6,0,0.3173679709434509
2,8,6,3300,7,2,0,0.23845911026000977
2,8,6,3301,7,6,0,0.188371479511261
2,8,6,3302,7,6,0,0.3138902485370636
2,8,6,3303,7,9,0,0.22826091945171356
2,8,6,3304,7,6,0,0.4629780054092407
2,8,6,3305,7,6,0,0.24884037673473358
2,9,1,3306,8,9,0,0.4494423568248749
2,9,1,3307,8,8,1,0.5503655076026917
2,9,1,3308,8,8,1,0.4753539264202118
2,9,1,3309,8,8,1,0.3821609616279602
2,9,1,3310,8,8,1,0.5494266748428345
2,9,1,3311,8,8,1,0.4201343059539795
2,9,1,3312,8,8,1,0.6420158743858337
2,9,1,3313,8,8,1,0.4095117449760437
2,9,1,3314,8,8,1,0.3764025866985321
2,9,1,3315,8,8,1,0.43094348907470703
2,9,2,3316,8,8,1,0.5803340673446655
2,9,2,3317,8,8,1,0.7361898422241211
2,9,2,3318,8,8,1,0.9003889560699463
2,9,2,3319,8,8,1,0.778449296951294
2,9,2,3320,8,8,1,0.5150852203369141
2,9,2,3321,8,8,1,0.9261436462402344
2,9,2,3322,8,8,1,0.7998378276824951
2,9,2,3323,8,8,1,0.835979700088501
2,9,2,3324,8,8,1,0.893791139125824
2,9,2,3325,8,9,0,0.5288021564483643
2,9,2,3326,8,9,0,0.47648856043815613
2,9,3,3327,8,0,0,0.4833703339099884
2,9,3,3328,8,8,1,0.46091005206108093
2,9,3,3329,8,8,1,0.7588512897491455
2,9,3,3330,8,8,1,0.8994916677474976
2,9,3,3331,8,8,1,0.9041245579719543
2,9,3,3332,8,8,1,0.8011103868484497
2,9,3,3333,8,9,0,0.3074561059474945
2,9,3,3334,8,8,1,0.7688822150230408
2,9,3,3335,8,8,1,0.808151125907898
2,9,3,3336,8,8,1,0.7990385293960571
2,9,3,3337,8,8,1,0.935381293296814
2,9,3,3338,8,8,1,0.817068338394165
2,9,3,3339,8,8,1,0.6682127118110657
2,9,3,3340,8,8,1,0.6672182083129883
2,9,3,3341,8,8,1,0.5546169877052307
2,9,3,3342,8,8,1,0.47761812806129456
2,9,3,3343,8,8,1,0.5453498363494873
2,9,4,3344,8,0,0,0.35655152797698975
2,9,4,3345,8,9,0,0.3663272261619568
2,9,4,3346,8,9,0,0.43802550435066223
2,9,4,3347,8,8,1,0.5581038594245911
2,9,4,3348,8,8,1,0.4581623375415802
2,9,4,3349,8,8,1,0.8874425292015076
2,9,4,3350,8,8,1,0.8371595144271851
2,9,4,3351,8,8,1,0.9402911067008972
2,9,4,3352,8,8,1,0.6085703372955322
2,9,4,3353,8,8,1,0.6033309102058411
2,9,4,3354,8,0,0,0.31920525431632996
2,9,5,3355,8,9,0,0.3839159607887268
2,9,5,3356,8,9,0,0.3502209186553955
2,9,5,3357,8,8,1,0.8168811202049255
2,9,5,3358,8,8,1,0.8440311551094055
2,9,5,3359,8,8,1,0.8089715838432312
2,9,5,3360,8,8,1,0.59980708360672
2,9,5,3361,8,8,1,0.8253030776977539
2,9,5,3362,8,8,1,0.6975327134132385
2,9,5,3363,8,8,1,0.7434490919113159
2,9,5,3364,8,8,1,0.7643381357192993
2,9,5,3365,8,8,1,0.5347785353660583
2,9,5,3366,8,9,0,0.48188501596450806
2,9,5,3367,8,8,1,0.6366665363311768
2,9,5,3368,8,8,1,0.5757666230201721
2,9,5,3369,8,0,0,0.39050301909446716
2,9,5,3370,8,0,0,0.5572519898414612
2,9,5,3371,8,0,0,0.3861819803714752
2,9,5,3372,8,0,0,0.3993425965309143
2,9,6,3373,8,8,1,0.43883952498435974
2,9,6,3374,8,8,1,0.7242107391357422
2,9,6,3375,8,8,1,0.9544934034347534
2,9,6,3376,8,8,1,0.8677788972854614
2,9,6,3377,8,8,1,0.7943063378334045
2,9,6,3378,8,8,1,0.9234960675239563
2,9,6,3379,8,8,1,0.7472527623176575
2,9,6,3380,8,8,1,0.6748555302619934
2,9,6,3381,8,8,1,0.8146812319755554
2,9,6,3382,8,8,1,0.9075939059257507
2,9,6,3383,8,8,1,0.8127029538154602
2,9,6,3384,8,8,1,0.8069559931755066
2,9,6,3385,8,8,1,0.40010347962379456
2,9,6,3386,8,0,0,0.3727642893791199
2,10,1,3387,9,0,0,0.36639028787612915
2,10,1,3388,9,9,1,0.4637010991573334
2,10,1,3389,9,9,1,0.6903395652770996
2,10,1,3390,9,9,1,0.3502969741821289
2,10,1,3391,9,9,1,0.5026558637619019
2,10,1,3392,9,9,1,0.5433095097541809
2,10,1,3393,9,9,1,0.5817704200744629
2,10,1,3394,9,9,1,0.4715762734413147
2,10,1,3395,9,9,1,0.38889649510383606
2,10,1,3396,9,9,1,0.6230751872062683
2,10,1,3397,9,8,0,0.3939782381057739
2,10,1,3398,9,9,1,0.31783515214920044
2,10,1,3399,9,8,0,0.2730259597301483
2,10,1,3400,9,9,1,0.282686322927475
2,10,1,3401,9,9,1,0.5074886083602905
2,10,1,3402,9,9,1,0.4061282277107239
2,10,1,3403,9,9,1,0.43929436802864075
2,10,1,3404,9,9,1,0.3789691925048828
2,10,1,3405,9,8,0,0.3603432774543762
2,10,1,3406,9,8,0,0.2541482746601105
2,10,1,3407,9,0,0,0.3408434987068176
2,10,2,3408,9,9,1,0.38255828619003296
2,10,2,3409,9,9,1,0.4940967261791229
2,10,2,3410,9,9,1,0.48274368047714233
2,10,2,3411,9,9,1,0.4869539141654968
2,10,2,3412,9,9,1,0.5014094710350037
2,10,2,3413,9,8,0,0.4053610563278198
2,10,2,3414,9,9,1,0.341322124004364
2,10,2,3415,9,9,1,0.468130886554718
2,10,2,3416,9,9,1,0.4874288737773895
2,10,2,3417,9,9,1,0.18865463137626648
2,10,2,3418,9,8,0,0.19772537052631378
2,10,2,3419,9,9,1,0.260412335395813
2,10,2,3420,9,9,1,0.3020787835121155
2,10,2,3421,9,0,0,0.2952602505683899
2,10,2,3422,9,8,0,0.32070013880729675
2,10,2,3423,9,8,0,0.2111126184463501
2,10,3,3424,9,0,0,0.2757124900817871
2,10,3,3425,9,9,1,0.33182844519615173
2,10,3,3426,9,9,1,0.4830450117588043
2,10,3,3427,9,9,1,0.622408926486969
2,10,3,3428,9,9,1,0.6751300096511841
2,10,3,3429,9,9,1,0.6184819936752319
2,10,3,3430,9,9,1,0.6656116843223572
2,10,3,3431,9,9,1,0.42745527625083923
2,10,3,3432,9,9,1,0.4388638734817505
2,10,3,3433,9,9,1,0.41193887591362
2,10,3,3434,9,0,0,0.26831620931625366
2,10,3,3435,9,0,0,0.2758939564228058
2,10,4,3436,9,6,0,0.2108854055404663
2,10,4,3437,9,9,1,0.45994699001312256
2,10,4,3438,9,9,1,0.496079683303833
2,10,4,3439,9,9,1,0.5849795937538147
2,10,4,3440,9,9,1,0.5862593650817871
2,10,4,3441,9,9,1,0.6671765446662903
2,10,4,3442,9,9,1,0.7054908871650696
2,10,4,3443,9,9,1,0.6411674618721008
2,10,4,3444,9,9,1,0.7173840403556824
2,10,4,3445,9,9,1,0.6023901104927063
2,10,4,3446,9,9,1,0.5324294567108154
2,10,4,3447,9,9,1,0.5098690986633301
2,10,4,3448,9,9,1,0.6633713245391846
2,10,4,3449,9,9,1,0.6552799940109253
2,10,4,3450,9,9,1,0.5151152014732361
2,10,4,3451,9,9,1,0.17922860383987427
2,10,5,3452,9,9,1,0.3230087459087372
2,10,5,3453,9,9,1,0.31053921580314636
2,10,5,3454,9,9,1,0.4059396982192993
2,10,5,3455,9,9,1,0.5787979364395142
2,10,5,3456,9,9,1,0.6253034472465515
2,10,5,3457,9,9,1,0.4969957768917084
2,10,5,3458,9,9,1,0.45090094208717346
2,10,5,3459,9,8,0,0.27922216057777405
2,10,5,3460,9,8,0,0.2332593947649002
2,10,5,3461,9,9,1,0.1933332234621048
2,10,5,3462,9,0,0,0.1982714980840683
2,10,6,3463,9,8,0,0.3703744113445282
2,10,6,3464,9,9,1,0.4451073110103607
2,10,6,3465,9,9,1,0.48765993118286133
2,10,6,3466,9,9,1,0.6315545439720154
2,10,6,3467,9,9,1,0.5184931755065918
2,10,6,3468,9,9,1,0.7886834740638733
2,10,6,3469,9,9,1,0.5909799933433533
2,10,6,3470,9,9,1,0.6218420267105103
2,10,6,3471,9,9,1,0.7255273461341858
2,10,6,3472,9,9,1,0.843328058719635
2,10,6,3473,9,9,1,0.7369552254676819
2,10,6,3474,9,9,1,0.7701712846755981
2,10,6,3475,9,9,1,0.7906131744384766
2,10,6,3476,9,9,1,0.7505617141723633
2,10,6,3477,9,9,1,0.8160465955734253
2,10,6,3478,9,9,1,0.8117755651473999
2,10,6,3479,9,9,1,0.7675349116325378
2,10,6,3480,9,9,1,0.7825755476951599
2,1,1,3481,0,0,1,0.6941567063331604
2,1,1,3482,0,0,1,0.7358420491218567
2,1,1,3483,0,8,0,0.7556058764457703
2,1,1,3484,0,0,1,0.5030192136764526
2,1,1,3485,0,0,1,0.6873182654380798
2,1,1,3486,0,0,1,0.45845040678977966
2,1,1,3487,0,0,1,0.6719081997871399
2,1,1,3488,0,0,1,0.6924306154251099
2,1,1,3489,0,0,1,0.779880166053772
2,1,1,3490,0,0,1,0.6312363147735596
2,1,1,3491,0,0,1,0.45955708622932434
2,1,1,3492,0,0,1,0.5430805087089539
2,1,1,3493,0,0,1,0.3781866729259491
2,1,1,3494,0,0,1,0.3939276933670044
2,1,1,3495,0,7,0,0.24258124828338623
2,1,2,3496,0,0,1,0.5730598568916321
2,1,2,3497,0,0,1,0.6321892738342285
2,1,2,3498,0,0,1,0.6427001357078552
2,1,2,3499,0,0,1,0.7971575260162354
2,1,2,3500,0,0,1,0.7929448485374451
2,1,2,3501,0,0,1,0.6697502136230469
2,1,2,3502,0,0,1,0.7411651611328125
2,1,2,3503,0,0,1,0.5454584956169128
2,1,2,3504,0,8,0,0.3532238304615021
2,1,2,3505,0,8,0,0.43516698479652405
2,1,2,3506,0,0,1,0.3745453953742981
2,1,2,3507,0,0,1,0.6837380528450012
2,1,2,3508,0,0,1,0.6917558312416077
2,1,2,3509,0,0,1,0.4335689842700958
2,1,2,3510,0,0,1,0.4367523789405823
2,1,2,3511,0,0,1,0.6559584140777588
2,1,2,3512,0,0,1,0.6999890804290771
2,1,2,3513,0,0,1,0.6604043245315552
2,1,2,3514,0,0,1,0.6874868869781494
2,1,2,3515,0,0,1,0.646638035774231
2,1,2,3516,0,0,1,0.2511500120162964
2,1,2,3517,0,1,0,0.1533195525407791
2,1,2,3518,0,0,1,0.1586686670780182
2,1,3,3519,0,0,1,0.664020299911499
2,1,3,3520,0,0,1,0.580848753452301
2,1,3,3521,0,0,1,0.5328201055526733
2,1,3,3522,0,0,1,0.6335214972496033
2,1,3,3523,0,0,1,0.769646167755127
2,1,3,3524,0,0,1,0.7345128655433655
2,1,3,3525,0,0,1,0.7242311239242554
2,1,3,3526,0,0,1,0.6710468530654907
2,1,3,3527,0,0,1,0.6854999661445618
2,1,3,3528,0,0,1,0.7056418657302856
2,1,4,3529,0,0,1,0.7764715552330017
2,1,4,3530,0,0,1,0.7930415272712708
2,1,4,3531,0,0,1,0.6389436721801758
2,1,4,3532,0,0,1,0.7163883447647095
2,1,4,3533,0,0,1,0.6088069081306458
2,1,4,3534,0,0,1,0.5694597363471985
2,1,4,3535,0,8,0,0.32129520177841187
2,1,4,3536,0,8,0,0.5492173433303833
2,1,4,3537,0,0,1,0.5009322762489319
2,1,4,3538,0,0,1,0.5669420957565308
2,1,4,3539,0,0,1,0.39751997590065
2,1,4,3540,0,0,1,0.706908106803894
2,1,4,3541,0,0,1,0.7320204973220825
2,1,4,3542,0,0,1,0.6228480339050293
2,1,4,3543,0,0,1,0.6427232623100281
2,1,4,3544,0,0,1,0.6237440705299377
2,1,4,3545,0,0,1,0.6155191659927368
2,1,5,3546,0,0,1,0.3370867669582367
2,1,5,3547,0,0,1,0.760953962802887
2,1,5,3548,0,0,1,0.688561201095581
2,1,5,3549,0,0,1,0.6847599744796753
2,1,5,3550,0,0,1,0.7262223362922668
2,1,5,3551,0,0,1,0.6761216521263123
2,1,5,3552,0,9,0,0.3312150537967682
2,1,5,3553,0,8,0,0.4034120440483093
2,1,5,3554,0,8,0,0.5481569170951843
2,1,5,3555,0,0,1,0.5625317096710205
2,1,5,3556,0,0,1,0.5584617853164673
2,1,5,3557,0,0,1,0.5586234331130981
2,1,5,3558,0,0,1,0.580875039100647
2,1,5,3559,0,0,1,0.6735539436340332
2,1,5,3560,0,0,1,0.5563772916793823
2,1,5,3561,0,0,1,0.5250422358512878
2,1,5,3562,0,0,1,0.5850564241409302
2,1,5,3563,0,0,1,0.6619985699653625
2,1,5,3564,0,0,1,0.6285930275917053
2,1,5,3565,0,0,1,0.604376494884491
2,1,5,3566,0,0,1,0.5696796178817749
2,1,5,3567,0,0,1,0.605379581451416
2,1,5,3568,0,0,1,0.4023772180080414
2,1,5,3569,0,0,1,0.462876558303833
2,1,6,3570,0,0,1,0.2577376365661621
2,1,6,3571,0,0,1,0.39043861627578735
2,1,6,3572,0,0,1,0.7216958999633789
2,1,6,3573,0,0,1,0.6618143916130066
2,1,6,3574,0,0,1,0.6374803781509399
2,1,6,3575,0,0,1,0.6271834969520569
2,1,6,3576,0,0,1,0.44267359375953674
2,1,6,3577,0,0,1,0.5874876379966736
2,1,6,3578,0,0,1,0.743949294090271
2,2,1,3579,1,0,0,0.4531037509441376
2,2,1,3580,1,0,0,0.34725600481033325
2,2,1,3581,1,0,0,0.296146035194397
2,2,1,3582,1,6,0,0.19400030374526978
2,2,1,3583,1,7,0,0.23958560824394226
2,2,1,3584,1,1,1,0.47638124227523804
2,2,1,3585,1,1,1,0.6352955102920532
2,2,1,3586,1,1,1,0.7442227602005005
2,2,1,3587,1,1,1,0.5507365465164185
2,2,1,3588,1,1,1,0.42244693636894226
2,2,1,3589,1,1,1,0.31498685479164124
2,2,1,3590,1,1,1,0.30694717168807983
2,2,1,3591,1,1,1,0.21843791007995605
2,2,2,3592,1,1,1,0.3302991986274719
2,2,2,3593,1,1,1,0.8106419444084167
2,2,2,3594,1,1,1,0.8651588559150696
2,2,2,3595,1,1,1,0.828428328037262
2,2,2,3596,1,1,1,0.5529080033302307
2,2,2,3597,1,1,1,0.7749195098876953
2,2,2,3598,1,1,1,0.4062831997871399
2,2,3,3599,1,0,0,0.4408314824104309
2,2,3,3600,1,0,0,0.33940285444259644
2,2,3,3601,1,1,1,0.31503620743751526
2,2,3,3602,1,1,1,0.4751989543437958
2,2,3,3603,1,1,1,0.5467442274093628
2,2,3,3604,1,1,1,0.41567370295524597
2,2,3,3605,1,1,1,0.7075785398483276
2,2,3,3606,1,2,0,0.42216765880584717
2,2,3,3607,1,1,1,0.59058678150177
2,2,3,3608,1,1,1,0.45356473326683044
2,2,3,3609,1,1,1,0.44150471687316895
2,2,3,3610,1,1,1,0.4624911844730377
2,2,3,3611,1,1,1,0.38451072573661804
2,2,3,3612,1,1,1,0.2430885285139084
2,2,3,3613,1,0,0,0.2973417043685913
2,2,4,3614,1,0,0,0.37470898032188416
2,2,4,3615,1,1,1,0.33179372549057007
2,2,4,3616,1,0,0,0.2971460521221161
2,2,4,3617,1,1,1,0.47252607345581055
2,2,4,3618,1,1,1,0.7332003712654114
2,2,4,3619,1,1,1,0.8058974146842957
2,2,4,3620,1,1,1,0.8060159683227539
2,2,4,3621,1,1,1,0.7830186486244202
2,2,4,3622,1,1,1,0.6019923686981201
2,2,4,3623,1,1,1,0.6743003129959106
2,2,4,3624,1,1,1,0.6475428938865662
2,2,4,3625,1,1,1,0.3783504366874695
2,2,4,3626,1,1,1,0.7654706835746765
2,2,4,3627,1,1,1,0.6041733622550964
2,2,4,3628,1,1,1,0.5098826885223389
2,2,5,3629,1,0,0,0.45683160424232483
2,2,5,3630,1,0,0,0.4238166809082031
2,2,5,3631,1,1,1,0.2035638839006424
2,2,5,3632,1,2,0,0.41669324040412903
2,2,5,3633,1,2,0,0.37790700793266296
2,2,5,3634,1,2,0,0.48326435685157776
2,2,5,3635,1,2,0,0.34565356373786926
2,2,5,3636,1,1,1,0.7861027717590332
2,2,5,3637,1,1,1,0.5314030051231384
2,2,5,3638,1,1,1,0.5498433709144592
2,2,5,3639,1,1,1,0.5886424779891968
2,2,5,3640,1,1,1,0.575152575969696
2,2,5,3641,1,1,1,0.8280723690986633
2,2,5,3642,1,1,1,0.7060266733169556
2,2,5,3643,1,1,1,0.4224553406238556
2,2,5,3644,1,1,1,0.5256659388542175
2,2,5,3645,1,1,1,0.3087865114212036
2,2,5,3646,1,1,1,0.2652190029621124
2,2,5,3647,1,1,1,0.33695682883262634
2,2,6,3648,1,1,1,0.31398287415504456
2,2,6,3649,1,0,0,0.24394939839839935
2,2,6,3650,1,0,0,0.24570558965206146
2,2,6,3651,1,1,1,0.6585929989814758
2,2,6,3652,1,1,1,0.4014676809310913
2,2,6,3653,1,1,1,0.5275197625160217
2,2,6,3654,1,1,1,0.744708776473999
2,2,6,3655,1,1,1,0.6867548823356628
2,2,6,3656,1,1,1,0.5128806233406067
2,2,6,3657,1,1,1,0.756463348865509
2,2,6,3658,1,1,1,0.850771963596344
2,2,6,3659,1,1,1,0.6342428922653198
2,3,1,3660,2,1,0,0.26016542315483093
2,3,1,3661,2,1,0,0.37200507521629333
2,3,1,3662,2,1,0,0.45454081892967224
2,3,1,3663,2,2,1,0.41101574897766113
2,3,1,3664,2,1,0,0.4756010174751282
2,3,1,3665,2,2,1,0.43163901567459106
2,3,1,3666,2,2,1,0.4275297224521637
2,3,1,3667,2,2,1,0.274728000164032
2,3,1,3668,2,2,1,0.7324658632278442
2,3,1,3669,2,2,1,0.7459442615509033
2,3,1,3670,2,2,1,0.3877832591533661
2,3,1,3671,2,1,0,0.5804482102394104
2,3,1,3672,2,2,1,0.5999783873558044
2,3,1,3673,2,2,1,0.6772234439849854
2,3,1,3674,2,2,1,0.5505010485649109
2,3,1,3675,2,2,1,0.40685033798217773
2,3,1,3676,2,1,0,0.42075201869010925
2,3,1,3677,2,0,0,0.19627642631530762
2,3,2,3678,2,1,0,0.5104967355728149
2,3,2,3679,2,1,0,0.6150517463684082
2,3,2,3680,2,2,1,0.6608972549438477
2,3,2,3681,2,2,1,0.45366209745407104
2,3,2,3682,2,2,1,0.5748962759971619
2,3,2,3683,2,2,1,0.44498005509376526
2,3,2,3684,2,2,1,0.6499609351158142
2,3,2,3685,2,2,1,0.4859381318092346
2,3,2,3686,2,2,1,0.41403257846832275
2,3,2,3687,2,2,1,0.6871282458305359
2,3,2,3688,2,2,1,0.550244152545929
2,3,2,3689,2,1,0,0.6645035743713379
2,3,3,3690,2,2,1,0.39940106868743896
2,3,3,3691,2,2,1,0.37192362546920776
2,3,3,3692,2,2,1,0.7930002212524414
2,3,3,3693,2,2,1,0.6370723247528076
2,3,3,3694,2,2,1,0.830694317817688
2,3,4,3695,2,1,0,0.2601342797279358
2,3,4,3696,2,4,0,0.32539600133895874
2,3,4,3697,2,2,1,0.6953243613243103
2,3,4,3698,2,2,1,0.8525351881980896
2,3,4,3699,2,2,1,0.7436373829841614
2,3,4,3700,2,4,0,0.32595154643058777
2,3,4,3701,2,4,0,0.4607449471950531
2,3,4,3702,2,4,0,0.2859065532684326
2,3,4,3703,2,2,1,0.4365956783294678
2,3,4,3704,2,1,0,0.44207075238227844
2,3,4,3705,2,2,1,0.5671243667602539
2,3,4,3706,2,1,0,0.45117658376693726
2,3,4,3707,2,1,0,0.44324108958244324
2,3,5,3708,2,4,0,0.4225195646286011
2,3,5,3709,2,2,1,0.6438445448875427
2,3,5,3710,2,2,1,0.7086026668548584
2,3,5,3711,2,2,1,0.5711796283721924
2,3,5,3712,2,2,1,0.6650118231773376
2,3,5,3713,2,2,1,0.4424472153186798
2,3,5,3714,2,2,1,0.4857669174671173
2,3,5,3715,2,2,1,0.3410126864910126
2,3,5,3716,2,1,0,0.31161096692085266
2,3,5,3717,2,0,0,0.29684099555015564
2,3,5,3718,2,9,0,0.29684963822364807
2,3,6,3719,2,2,1,0.6846431493759155
2,3,6,3720,2,2,1,0.6827866435050964
2,3,6,3721,2,2,1,0.6173809766769409
2,3,6,3722,2,2,1,0.5465366840362549
2,3,6,3723,2,2,1,0.5887307524681091
2,3,6,3724,2,2,1,0.8100642561912537
2,3,6,3725,2,2,1,0.8182387948036194
2,3,6,3726,2,2,1,0.6653912663459778
2,3,6,3727,2,2,1,0.2209424078464508
2,3,6,3728,2,1,0,0.4239966869354248
2,4,1,3729,3,0,0,0.3506142497062683
2,4,1,3730,3,0,0,0.3568272292613983
2,4,1,3731,3,0,0,0.3586239218711853
2,4,1,3732,3,9,0,0.3417855501174927
2,4,1,3733,3,0,0,0.16110284626483917
2,4,1,3734,3,6,0,0.2585027813911438
2,4,1,3735,3,4,0,0.4657065272331238
2,4,1,3736,3,3,1,0.38744327425956726
2,4,1,3737,3,6,0,0.15923207998275757
2,4,1,3738,3,6,0,0.24026191234588623
2,4,1,3739,3,6,0,0.2633481025695801
2,4,1,3740,3,9,0,0.1697649359703064
2,4,1,3741,3,9,0,0.24769911170005798
2,4,2,3742,3,9,0,0.25733432173728943
2,4,2,3743,3,4,0,0.1724703460931778
2,4,2,3744,3,3,1,0.5149149298667908
2,4,2,3745,3,3,1,0.3238242566585541
2,4,2,3746,3,3,1,0.37047654390335083
2,4,2,3747,3,3,1,0.5216257572174072
2,4,2,3748,3,3,1,0.4244057536125183
2,4,2,3749,3,3,1,0.6631776094436646
2,4,2,3750,3,3,1,0.4670165479183197
2,4,2,3751,3,3,1,0.4474875032901764
2,4,2,3752,3,7,0,0.2672325372695923
2,4,2,3753,3,3,1,0.18964391946792603
2,4,3,3754,3,0,0,0.2591659128665924
2,4,3,3755,3,1,0,0.22764232754707336
2,4,3,3756,3,0,0,0.21500244736671448
2,4,3,3757,3,3,1,0.39648520946502686
2,4,3,3758,3,3,1,0.9032813906669617
2,4,3,3759,3,3,1,0.7837556004524231
2,4,3,3760,3,3,1,0.7471648454666138
2,4,3,3761,3,3,1,0.7100756764411926
2,4,3,3762,3,3,1,0.464782178401947
2,4,3,3763,3,1,0,0.2740778625011444
2,4,3,3764,3,1,0,0.218691885471344
2,4,3,3765,3,0,0,0.34475046396255493
2,4,3,3766,3,0,0,0.2928779423236847
2,4,3,3767,3,8,0,0.24417102336883545
2,4,4,3768,3,4,0,0.404901921749115
2,4,4,3769,3,3,1,0.8055059313774109
2,4,4,3770,3,3,1,0.43798547983169556
2,4,4,3771,3,3,1,0.676274299621582
2,4,4,3772,3,1,0,0.21832160651683807
2,4,4,3773,3,9,0,0.21021991968154907
2,4,4,3774,3,9,0,0.3803621828556061
2,4,4,3775,3,9,0,0.2599758207798004
2,4,5,3776,3,6,0,0.23642390966415405
2,4,5,3777,3,4,0,0.21819332242012024
2,4,5,3778,3,4,0,0.5298746824264526
2,4,5,3779,3,3,1,0.28085386753082275
2,4,5,3780,3,4,0,0.2794230580329895
2,4,5,3781,3,4,0,0.4873705804347992
2,4,5,3782,3,7,0,0.2327885776758194
2,4,5,3783,3,3,1,0.7063369750976562
2,4,5,3784,3,3,1,0.6011924147605896
2,4,5,3785,3,3,1,0.6869982481002808
2,4,5,3786,3,3,1,0.9069244861602783
2,4,5,3787,3,3,1,0.8489571213722229
2,4,5,3788,3,3,1,0.4790136218070984
2,4,5,3789,3,3,1,0.529351532459259
2,4,5,3790,3,3,1,0.6249862313270569
2,4,5,3791,3,3,1,0.3977416753768921
2,4,5,3792,3,9,0,0.2149258852005005
2,4,6,3793,3,0,0,0.26340848207473755
2,4,6,3794,3,4,0,0.4407094717025757
2,4,6,3795,3,4,0,0.4487329423427582
2,4,6,3796,3,4,0,0.4332621693611145
2,4,6,3797,3,4,0,0.44368258118629456
2,4,6,3798,3,3,1,0.6949597597122192
2,4,6,3799,3,3,1,0.6602286696434021
2,4,6,3800,3,3,1,0.7499683499336243
2,4,6,3801,3,3,1,0.6765137910842896
2,4,6,3802,3,3,1,0.7898237705230713
2,4,6,3803,3,3,1,0.6389913558959961
2,4,6,3804,3,4,0,0.16033095121383667
2,4,6,3805,3,9,0,0.16084983944892883
2,4,6,3806,3,9,0,0.1880735158920288
2,5,1,3807,4,4,1,0.3353765606880188
2,5,1,3808,4,4,1,0.46371859312057495
2,5,1,3809,4,4,1,0.5432817339897156
2,5,1,3810,4,4,1,0.334690123796463
2,5,1,3811,4,3,0,0.17586442828178406
2,5,1,3812,4,0,0,0.3387781083583832
2,5,1,3813,4,4,1,0.1942531168460846
2,5,1,3814,4,4,1,0.3642447590827942
2,5,1,3815,4,9,0,0.2408239245414734
2,5,1,3816,4,9,0,0.21723361313343048
2,5,1,3817,4,9,0,0.2881292700767517
2,5,1,3818,4,6,0,0.19245660305023193
2,5,1,3819,4,6,0,0.16022808849811554
2,5,2,3820,4,4,1,0.25489547848701477
2,5,2,3821,4,4,1,0.33345866203308105
2,5,2,3822,4,4,1,0.2651471793651581
2,5,2,3823,4,9,0,0.23361770808696747
2,5,2,3824,4,4,1,0.6405660510063171
2,5,2,3825,4,4,1,0.545365571975708
2,5,2,3826,4,4,1,0.5005843043327332
2,5,2,3827,4,4,1,0.4043506383895874
2,5,2,3828,4,4,1,0.5987918376922607
2,5,2,3829,4,4,1,0.6450244784355164
2,5,2,3830,4,3,0,0.42506811022758484
2,5,2,3831,4,3,0,0.42193135619163513
2,5,2,3832,4,9,0,0.2081051766872406
2,5,2,3833,4,9,0,0.22830477356910706
2,5,3,3834,4,4,1,0.5497120022773743
2,5,3,3835,4,6,0,0.240029975771904
2,5,3,3836,4,4,1,0.18719036877155304
2,5,4,3837,4,4,1,0.14947329461574554
2,5,4,3838,4,7,0,0.19102707505226135
2,5,4,3839,4,4,1,0.16233648359775543
2,5,4,3840,4,4,1,0.3489305377006531
2,5,4,3841,4,4,1,0.5099063515663147
2,5,4,3842,4,4,1,0.49237340688705444
2,5,4,3843,4,4,1,0.4517660439014435
2,5,4,3844,4,4,1,0.4657016396522522
2,5,4,3845,4,6,0,0.5521494150161743
2,5,4,3846,4,6,0,0.3839702010154724
2,5,5,3847,4,4,1,0.18884941935539246
2,5,5,3848,4,4,1,0.4019407629966736
2,5,5,3849,4,4,1,0.33978769183158875
2,5,5,3850,4,4,1,0.22058531641960144
2,5,5,3851,4,7,0,0.45348331332206726
2,5,5,3852,4,6,0,0.2678525745868683
2,5,5,3853,4,6,0,0.30769041180610657
2,5,5,3854,4,6,0,0.21188344061374664
2,5,6,3855,4,4,1,0.5420392155647278
2,5,6,3856,4,4,1,0.711983323097229
2,5,6,3857,4,3,0,0.6591455936431885
2,5,6,3858,4,3,0,0.4833172559738159
2,5,6,3859,4,3,0,0.38846510648727417
2,5,6,3860,4,4,1,0.21467453241348267
2,5,6,3861,4,4,1,0.3121234178543091
2,5,6,3862,4,3,0,0.3209163248538971
2,5,6,3863,4,3,0,0.5528508424758911
2,5,6,3864,4,3,0,0.37871861457824707
2,5,6,3865,4,4,1,0.47683748602867126
2,5,6,3866,4,7,0,0.5096156001091003
2,5,6,3867,4,4,1,0.38837024569511414
2,5,6,3868,4,4,1,0.3396797180175781
2,5,6,3869,4,6,0,0.47121965885162354
2,5,6,3870,4,6,0,0.2703116238117218
2,6,1,3871,5,6,0,0.21134935319423676
2,6,1,3872,5,0,0,0.22467827796936035
2,6,1,3873,5,0,0,0.24892283976078033
2,6,1,3874,5,0,0,0.4231736660003662
2,6,1,3875,5,7,0,0.35357698798179626
2,6,1,3876,5,2,0,0.21435894072055817
2,6,1,3877,5,9,0,0.26462438702583313
2,6,1,3878,5,9,0,0.532333493232727
2,6,1,3879,5,2,0,0.22272151708602905
2,6,1,3880,5,5,1,0.5521481037139893
2,6,1,3881,5,5,1,0.35861021280288696
2,6,1,3882,5,9,0,0.36276066303253174
2,6,1,3883,5,9,0,0.18446232378482819
2,6,1,3884,5,6,0,0.1425931304693222
2,6,2,3885,5,0,0,0.2399841696023941
2,6,2,3886,5,0,0,0.2354493886232376
2,6,2,3887,5,1,0,0.3848104178905487
2,6,2,3888,5,5,1,0.3783293068408966
2,6,2,3889,5,5,1,0.5081925392150879
2,6,2,3890,5,5,1,0.4941891133785248
2,6,2,3891,5,5,1,0.7341125011444092
2,6,2,3892,5,1,0,0.3170592784881592
2,6,2,3893,5,9,0,0.4107078015804291
2,6,2,3894,5,9,0,0.7980455756187439
2,6,2,3895,5,9,0,0.302085816860199
2,6,2,3896,5,8,0,0.19370484352111816
2,6,2,3897,5,8,0,0.146305650472641
2,6,2,3898,5,4,0,0.13514728844165802
2,6,3,3899,5,0,0,0.4959867596626282
2,6,3,3900,5,0,0,0.5452142953872681
2,6,3,3901,5,0,0,0.43282297253608704
2,6,3,3902,5,0,0,0.2808390259742737
2,6,3,3903,5,8,0,0.26534503698349
2,6,3,3904,5,2,0,0.2562568485736847
2,6,3,3905,5,2,0,0.28535065054893494
2,6,3,3906,5,9,0,0.43641260266304016
2,6,3,3907,5,5,1,0.5394364595413208
2,6,3,3908,5,5,1,0.4975942373275757
2,6,3,3909,5,5,1,0.5386818647384644
2,6,3,3910,5,1,0,0.3552732765674591
2,6,3,3911,5,1,0,0.32677319645881653
2,6,3,3912,5,9,0,0.384429395198822
2,6,3,3913,5,9,0,0.41242915391921997
2,6,3,3914,5,9,0,0.22955454885959625
2,6,4,3915,5,0,0,0.5483208298683167
2,6,4,3916,5,0,0,0.47307658195495605
2,6,4,3917,5,0,0,0.5215476155281067
2,6,4,3918,5,0,0,0.33359432220458984
2,6,4,3919,5,1,0,0.26319634914398193
2,6,4,3920,5,5,1,0.2368629425764084
2,6,4,3921,5,5,1,0.375235378742218
2,6,4,3922,5,5,1,0.19602948427200317
2,6,4,3923,5,5,1,0.5468400120735168
2,6,4,3924,5,5,1,0.6352971792221069
2,6,4,3925,5,5,1,0.6105498671531677
2,6,4,3926,5,5,1,0.7549893856048584
2,6,4,3927,5,5,1,0.821946918964386
2,6,4,3928,5,5,1,0.5142501592636108
2,6,4,3929,5,5,1,0.44178712368011475
2,6,4,3930,5,5,1,0.28729984164237976
2,6,4,3931,5,6,0,0.15993516147136688
2,6,4,3932,5,9,0,0.2482852190732956
2,6,5,3933,5,0,0,0.49264925718307495
2,6,5,3934,5,0,0,0.3869854509830475
2,6,5,3935,5,5,1,0.5829131603240967
2,6,5,3936,5,5,1,0.5655942559242249
2,6,5,3937,5,5,1,0.6046988368034363
2,6,5,3938,5,5,1,0.8998579382896423
2,6,5,3939,5,5,1,0.6655721068382263
2,6,5,3940,5,9,0,0.6197397708892822
2,6,5,3941,5,9,0,0.24873703718185425
2,6,6,3942,5,1,0,0.17794841527938843
2,6,6,3943,5,1,0,0.214353546500206
2,6,6,3944,5,5,1,0.3343808948993683
2,6,6,3945,5,5,1,0.8368715643882751
2,6,6,3946,5,5,1,0.6484906673431396
2,6,6,3947,5,5,1,0.6428287625312805
2,6,6,3948,5,5,1,0.8261446952819824
2,6,6,3949,5,5,1,0.5638645887374878
2,6,6,3950,5,5,1,0.5532328486442566
2,6,6,3951,5,5,1,0.6780765652656555
2,6,6,3952,5,9,0,0.3704208433628082
2,7,1,3953,6,0,0,0.3193715810775757
2,7,1,3954,6,0,0,0.2996577024459839
2,7,1,3955,6,0,0,0.36300215125083923
2,7,1,3956,6,0,0,0.22764070332050323
2,7,1,3957,6,6,1,0.3733227252960205
2,7,1,3958,6,6,1,0.3631957173347473
2,7,1,3959,6,1,0,0.3944616913795471
2,7,1,3960,6,1,0,0.32116976380348206
2,7,1,3961,6,6,1,0.7013310790061951
2,7,1,3962,6,6,1,0.8061745166778564
2,7,1,3963,6,6,1,0.7271769046783447
2,7,1,3964,6,6,1,0.5835520029067993
2,7,1,3965,6,6,1,0.44980496168136597
2,7,1,3966,6,6,1,0.45582249760627747
2,7,1,3967,6,6,1,0.26703497767448425
2,7,2,3968,6,0,0,0.6106873154640198
2,7,2,3969,6,0,0,0.34991592168807983
2,7,2,3970,6,6,1,0.8694921135902405
2,7,2,3971,6,6,1,0.3180115222930908
2,7,2,3972,6,6,1,0.5095787644386292
2,7,3,3973,6,0,0,0.4656870365142822
2,7,3,3974,6,0,0,0.3829644024372101
2,7,3,3975,6,0,0,0.42317497730255127
2,7,3,3976,6,6,1,0.4227099120616913
2,7,3,3977,6,6,1,0.4812684953212738
2,7,3,3978,6,6,1,0.6168210506439209
2,7,3,3979,6,6,1,0.5545991063117981
2,7,3,3980,6,6,1,0.31874287128448486
2,7,3,3981,6,6,1,0.6972820162773132
2,7,4,3982,6,6,1,0.3511103093624115
2,7,4,3983,6,6,1,0.23836663365364075
2,7,4,3984,6,6,1,0.20997510850429535
2,7,4,3985,6,6,1,0.3434465229511261
2,7,4,3986,6,6,1,0.5526275634765625
2,7,4,3987,6,6,1,0.3222102224826813
2,7,4,3988,6,6,1,0.609555184841156
2,7,4,3989,6,8,0,0.20548412203788757
2,7,4,3990,6,2,0,0.19142505526542664
2,7,5,3991,6,0,0,0.4442336857318878
2,7,5,3992,6,1,0,0.4200347065925598
2,7,5,3993,6,6,1,0.5467241406440735
2,7,5,3994,6,6,1,0.26047176122665405
2,7,5,3995,6,2,0,0.2892967760562897
2,7,6,3996,6,0,0,0.4448247253894806
2,7,6,3997,6,0,0,0.5057594180107117
2,7,6,3998,6,6,1,0.45268523693084717
2,7,6,3999,6,6,1,0.4684447646141052
2,7,6,4000,6,1,0,0.5180191993713379
2,7,6,4001,6,1,0,0.3970695734024048
2,7,6,4002,6,5,0,0.38297557830810547
2,7,6,4003,6,1,0,0.4556856155395508
2,7,6,4004,6,1,0,0.3452657163143158
2,7,6,4005,6,6,1,0.6816496253013611
2,7,6,4006,6,6,1,0.7892167568206787
2,7,6,4007,6,6,1,0.5270829796791077
2,7,6,4008,6,6,1,0.6053735613822937
2,7,6,4009,6,6,1,0.6627667546272278
2,8,1,4010,7,6,0,0.1925712376832962
2,8,1,4011,7,9,0,0.15652485191822052
2,8,1,4012,7,7,1,0.6856110095977783
2,8,1,4013,7,7,1,0.5030034184455872
2,8,1,4014,7,8,0,0.23853304982185364
2,8,1,4015,7,8,0,0.5410926342010498
2,8,1,4016,7,8,0,0.2675970792770386
2,8,1,4017,7,0,0,0.3119756281375885
2,8,1,4018,7,0,0,0.31324705481529236
2,8,1,4019,7,0,0,0.492059588432312
2,8,1,4020,7,0,0,0.3595336377620697
2,8,1,4021,7,8,0,0.4797441065311432
2,8,1,4022,7,0,0,0.32145798206329346
2,8,1,4023,7,0,0,0.24925819039344788
2,8,2,4024,7,8,0,0.33065879344940186
2,8,2,4025,7,7,1,0.47594642639160156
2,8,2,4026,7,7,1,0.30906885862350464
2,8,2,4027,7,7,1,0.5899232029914856
2,8,2,4028,7,0,0,0.2432686984539032
2,8,3,4029,7,7,1,0.25040340423583984
2,8,3,4030,7,7,1,0.5782260298728943
2,8,3,4031,7,2,0,0.4084571897983551
2,8,3,4032,7,2,0,0.6106280088424683
2,8,3,4033,7,2,0,0.3102373480796814
2,8,3,4034,7,2,0,0.48735886812210083
2,8,3,4035,7,7,1,0.3275870084762573
2,8,3,4036,7,2,0,0.24481889605522156
2,8,4,4037,7,8,0,0.2942464053630829
2,8,4,4038,7,8,0,0.3619099259376526
2,8,4,4039,7,3,0,0.3135650157928467
2,8,4,4040,7,7,1,0.3333168029785156
2,8,4,4041,7,9,0,0.3458258807659149
2,8,4,4042,7,9,0,0.4586024880409241
2,8,4,4043,7,7,1,0.24640610814094543
2,8,4,4044,7,8,0,0.29207876324653625
2,8,4,4045,7,8,0,0.44066330790519714
2,8,4,4046,7,0,0,0.23452448844909668
2,8,4,4047,7,1,0,0.24155569076538086
2,8,4,4048,7,0,0,0.2381775677204132
2,8,4,4049,7,0,0,0.19337891042232513
2,8,5,4050,7,7,1,0.45953795313835144
2,8,5,4051,7,7,1,0.433999627828598
2,8,5,4052,7,7,1,0.6858197450637817
2,8,5,4053,7,7,1,0.44010356068611145
2,8,5,4054,7,7,1,0.6375389099121094
2,8,6,4055,7,0,0,0.31537777185440063
2,8,6,4056,7,0,0,0.3972071707248688
2,8,6,4057,7,7,1,0.5422898530960083
2,8,6,4058,7,7,1,0.7143049240112305
2,8,6,4059,7,8,0,0.4908224940299988
2,8,6,4060,7,7,1,0.807892918586731
2,8,6,4061,7,7,1,0.8114180564880371
2,8,6,4062,7,7,1,0.5524883270263672
2,8,6,4063,7,0,0,0.21874994039535522
2,8,6,4064,7,2,0,0.4125688374042511
2,8,6,4065,7,2,0,0.24658828973770142
2,8,6,4066,7,9,0,0.20015579462051392
2,8,6,4067,7,8,0,0.3198432922363281
2,9,1,4068,8,9,0,0.2184542864561081
2,9,1,4069,8,8,1,0.24939487874507904
2,9,1,4070,8,3,0,0.2906440198421478
2,9,1,4071,8,8,1,0.21408304572105408
2,9,1,4072,8,8,1,0.36886826157569885
2,9,1,4073,8,2,0,0.24073047935962677
2,9,1,4074,8,8,1,0.5471348762512207
2,9,1,4075,8,8,1,0.4195486307144165
2,9,1,4076,8,8,1,0.4418915808200836
2,9,1,4077,8,8,1,0.39358004927635193
2,9,2,4078,8,8,1,0.419727623462677
2,9,2,4079,8,8,1,0.4562565088272095
2,9,2,4080,8,8,1,0.2993444800376892
2,9,2,4081,8,7,0,0.21641027927398682
2,9,2,4082,8,6,0,0.24611149728298187
2,9,2,4083,8,7,0,0.3008243441581726
2,9,2,4084,8,8,1,0.2688754200935364
2,9,2,4085,8,8,1,0.6701515913009644
2,9,2,4086,8,8,1,0.4944332540035248
2,9,2,4087,8,9,0,0.32086536288261414
2,9,2,4088,8,0,0,0.25399771332740784
2,9,2,4089,8,8,1,0.31503933668136597
2,9,2,4090,8,2,0,0.24979521334171295
2,9,2,4091,8,9,0,0.337445467710495
2,9,2,4092,8,8,1,0.25619104504585266
2,9,3,4093,8,8,1,0.35356929898262024
2,9,3,4094,8,7,0,0.3299682140350342
2,9,3,4095,8,8,1,0.4750491976737976
2,9,3,4096,8,9,0,0.2852051258087158
2,9,3,4097,8,8,1,0.6214083433151245
2,9,3,4098,8,8,1,0.759831964969635
2,9,3,4099,8,8,1,0.7438362240791321
2,9,3,4100,8,8,1,0.7323576211929321
2,9,3,4101,8,8,1,0.6950384378433228
2,9,3,4102,8,8,1,0.6604187488555908
2,9,3,4103,8,8,1,0.6984779834747314
2,9,3,4104,8,8,1,0.7500616908073425
2,9,3,4105,8,8,1,0.301014244556427
2,9,3,4106,8,8,1,0.3046466112136841
2,9,4,4107,8,6,0,0.27305033802986145
2,9,4,4108,8,6,0,0.2794574797153473
2,9,4,4109,8,8,1,0.24375024437904358
2,9,4,4110,8,8,1,0.4314379096031189
2,9,4,4111,8,8,1,0.4771343469619751
2,9,4,4112,8,8,1,0.36864858865737915
2,9,4,4113,8,8,1,0.4753272831439972
2,9,4,4114,8,8,1,0.4004434049129486
2,9,4,4115,8,9,0,0.39733365178108215
2,9,4,4116,8,8,1,0.40710821747779846
2,9,4,4117,8,8,1,0.3727949559688568
2,9,4,4118,8,8,1,0.5171791911125183
2,9,4,4119,8,8,1,0.8592441082000732
2,9,4,4120,8,8,1,0.3771314024925232
2,9,5,4121,8,7,0,0.19310997426509857
2,9,5,4122,8,9,0,0.19834941625595093
2,9,5,4123,8,7,0,0.24942153692245483
2,9,5,4124,8,8,1,0.5397902131080627
2,9,5,4125,8,8,1,0.4226795732975006
2,9,5,4126,8,9,0,0.30511602759361267
2,9,5,4127,8,8,1,0.7355801463127136
2,9,5,4128,8,8,1,0.7426629066467285
2,9,5,4129,8,8,1,0.7814552783966064
2,9,6,4130,8,9,0,0.2618536949157715
2,9,6,4131,8,9,0,0.2783989906311035
2,9,6,4132,8,8,1,0.32297706604003906
2,9,6,4133,8,8,1,0.41056087613105774
2,9,6,4134,8,8,1,0.7465531229972839
2,9,6,4135,8,8,1,0.5142593383789062
2,9,6,4136,8,8,1,0.4793842136859894
2,9,6,4137,8,8,1,0.5488637089729309
2,9,6,4138,8,8,1,0.8740778565406799
2,9,6,4139,8,8,1,0.6344391107559204
2,9,6,4140,8,8,1,0.45686590671539307
2,10,1,4141,9,6,0,0.3118169903755188
2,10,1,4142,9,8,0,0.4118318259716034
2,10,1,4143,9,8,0,0.35071930289268494
2,10,1,4144,9,9,1,0.3323572874069214
2,10,1,4145,9,9,1,0.2119944840669632
2,10,1,4146,9,5,0,0.26756975054740906
2,10,1,4147,9,9,1,0.4086816608905792
2,10,1,4148,9,7,0,0.3038824498653412
2,10,1,4149,9,7,0,0.3246605694293976
2,10,1,4150,9,8,0,0.24548985064029694
2,10,1,4151,9,4,0,0.1680816411972046
2,10,1,4152,9,8,0,0.2697584331035614
2,10,1,4153,9,6,0,0.2978917360305786
2,10,1,4154,9,6,0,0.6377752423286438
2,10,2,4155,9,9,1,0.4129111170768738
2,10,2,4156,9,9,1,0.3610691726207733
2,10,2,4157,9,9,1,0.3177350163459778
2,10,2,4158,9,9,1,0.44381609559059143
2,10,2,4159,9,9,1,0.29813238978385925
2,10,2,4160,9,9,1,0.17454937100410461
2,10,2,4161,9,9,1,0.22091615200042725
2,10,2,4162,9,9,1,0.26019319891929626
2,10,2,4163,9,9,1,0.23370173573493958
2,10,2,4164,9,9,1,0.17971503734588623
2,10,2,4165,9,8,0,0.2978889048099518
2,10,3,4166,9,7,0,0.186764657497406
2,10,3,4167,9,9,1,0.3443649113178253
2,10,3,4168,9,9,1,0.4301424026489258
2,10,3,4169,9,9,1,0.3035474419593811
2,10,3,4170,9,9,1,0.2542012333869934
2,10,3,4171,9,9,1,0.23416507244110107
2,10,3,4172,9,9,1,0.4869248569011688
2,10,3,4173,9,9,1,0.36058709025382996
2,10,3,4174,9,9,1,0.4894605576992035
2,10,4,4175,9,6,0,0.24076862633228302
2,10,4,4176,9,6,0,0.41469502449035645
2,10,4,4177,9,8,0,0.36502957344055176
2,10,4,4178,9,9,1,0.5342065691947937
2,10,4,4179,9,9,1,0.5328420400619507
2,10,4,4180,9,9,1,0.3730410933494568
2,10,4,4181,9,4,0,0.16683991253376007
2,10,4,4182,9,8,0,0.24145299196243286
2,10,5,4183,9,7,0,0.2874719798564911
2,10,5,4184,9,7,0,0.25190460681915283
2,10,5,4185,9,8,0,0.44585150480270386
2,10,5,4186,9,7,0,0.5246566534042358
2,10,5,4187,9,7,0,0.6098703742027283
2,10,5,4188,9,9,1,0.3075357973575592
2,10,5,4189,9,9,1,0.35319608449935913
2,10,5,4190,9,6,0,0.26257264614105225
2,10,5,4191,9,9,1,0.31104278564453125
2,10,6,4192,9,0,0,0.18834267556667328
2,10,6,4193,9,8,0,0.37076085805892944
2,10,6,4194,9,9,1,0.36600545048713684
2,10,6,4195,9,9,1,0.412373811006546
2,10,6,4196,9,9,1,0.29411348700523376
2,10,6,4197,9,9,1,0.3163626790046692
2,10,6,4198,9,9,1,0.34363317489624023
2,10,6,4199,9,9,1,0.4458995461463928
2,10,6,4200,9,9,1,0.43656405806541443
2,10,6,4201,9,9,1,0.3663031756877899
2,10,6,4202,9,9,1,0.2611442506313324
2,10,6,4203,9,9,1,0.261402428150177
2,1,1,4204,0,0,1,0.19076932966709137
2,1,1,4205,0,9,0,0.14939793944358826
2,1,1,4206,0,0,1,0.2558279037475586
2,1,1,4207,0,0,1,0.32565391063690186
2,1,1,4208,0,1,0,0.3048647940158844
2,1,1,4209,0,1,0,0.30797141790390015
2,1,1,4210,0,3,0,0.3337191045284271
2,1,1,4211,0,3,0,0.310792475938797
2,1,1,4212,0,3,0,0.20485925674438477
2,1,1,4213,0,9,0,0.2512080669403076
2,1,1,4214,0,4,0,0.36703553795814514
2,1,1,4215,0,4,0,0.4167562425136566
2,1,1,4216,0,4,0,0.4845869541168213
2,1,1,4217,0,4,0,0.4083772897720337
2,1,1,4218,0,4,0,0.30595043301582336
2,1,2,4219,0,1,0,0.21092358231544495
2,1,2,4220,0,1,0,0.5559388399124146
2,1,2,4221,0,0,1,0.3190063536167145
2,1,2,4222,0,1,0,0.33787086606025696
2,1,3,4223,0,0,1,0.199301615357399
2,1,3,4224,0,1,0,0.340972363948822
2,1,3,4225,0,4,0,0.550576388835907
2,1,3,4226,0,3,0,0.43431732058525085
2,1,3,4227,0,4,0,0.30923065543174744
2,1,3,4228,0,4,0,0.3636397421360016
2,1,3,4229,0,4,0,0.38291803002357483
2,1,3,4230,0,4,0,0.3541437089443207
2,1,3,4231,0,4,0,0.45152950286865234
2,1,3,4232,0,0,1,0.3146972060203552
2,1,3,4233,0,6,0,0.19549351930618286
2,1,3,4234,0,6,0,0.1857413798570633
2,1,3,4235,0,6,0,0.22720235586166382
2,1,4,4236,0,8,0,0.3380034863948822
2,1,4,4237,0,9,0,0.32836487889289856
2,1,4,4238,0,0,1,0.24213804304599762
2,1,4,4239,0,0,1,0.41576725244522095
2,1,4,4240,0,0,1,0.3820202052593231
2,1,4,4241,0,1,0,0.3550974726676941
2,1,4,4242,0,0,1,0.5005133748054504
2,1,4,4243,0,0,1,0.3090328276157379
2,1,4,4244,0,4,0,0.19649481773376465
2,1,4,4245,0,6,0,0.3303658664226532
2,1,4,4246,0,6,0,0.43913307785987854
2,1,4,4247,0,6,0,0.3791690170764923
2,1,4,4248,0,6,0,0.31341734528541565
2,1,4,4249,0,6,0,0.45485827326774597
2,1,4,4250,0,6,0,0.24387399852275848
2,1,4,4251,0,6,0,0.24638547003269196
2,1,4,4252,0,6,0,0.2311629056930542
2,1,5,4253,0,0,1,0.2167263925075531
2,1,5,4254,0,0,1,0.2103220671415329
2,1,5,4255,0,0,1,0.26443395018577576
2,1,5,4256,0,0,1,0.3830348551273346
2,1,5,4257,0,8,0,0.25949496030807495
2,1,5,4258,0,6,0,0.23852740228176117
2,1,5,4259,0,6,0,0.26842883229255676
2,1,5,4260,0,6,0,0.4320409893989563
2,1,5,4261,0,6,0,0.23378577828407288
2,1,5,4262,0,6,0,0.36185887455940247
2,1,5,4263,0,6,0,0.5317147374153137
2,1,5,4264,0,6,0,0.4771783947944641
2,1,5,4265,0,6,0,0.43329453468322754
2,1,6,4266,0,0,1,0.4173496663570404
2,1,6,4267,0,0,1,0.7405855655670166
2,1,6,4268,0,0,1,0.6514859795570374
2,1,6,4269,0,4,0,0.4408968389034271
2,1,6,4270,0,4,0,0.31720322370529175
2,1,6,4271,0,4,0,0.31315234303474426
2,1,6,4272,0,4,0,0.3762173354625702
2,1,6,4273,0,4,0,0.4209315776824951
2,1,6,4274,0,4,0,0.3782615065574646
2,1,6,4275,0,6,0,0.23991140723228455
2,2,1,4276,1,9,0,0.2165871262550354
2,2,1,4277,1,8,0,0.22181814908981323
2,2,1,4278,1,9,0,0.2533186972141266
2,2,1,4279,1,9,0,0.3041766881942749
2,2,1,4280,1,1,1,0.19959448277950287
2,2,1,4281,1,6,0,0.13619689643383026
2,2,2,4282,1,9,0,0.3426884710788727
2,2,2,4283,1,9,0,0.20298734307289124
2,2,2,4284,1,0,0,0.2674003541469574
2,2,2,4285,1,6,0,0.24311701953411102
2,2,2,4286,1,1,1,0.3066421449184418
2,2,2,4287,1,5,0,0.6232552528381348
2,2,2,4288,1,5,0,0.42073678970336914
2,2,2,4289,1,1,1,0.6155152320861816
2,2,2,4290,1,1,1,0.46394670009613037
2,2,2,4291,1,2,0,0.25800228118896484
2,2,2,4292,1,0,0,0.17222294211387634
2,2,2,4293,1,8,0,0.25095048546791077
2,2,2,4294,1,2,0,0.15211454033851624
2,2,2,4295,1,8,0,0.15354034304618835
2,2,3,4296,1,0,0,0.20009472966194153
2,2,3,4297,1,2,0,0.2420124113559723
2,2,3,4298,1,5,0,0.30161863565444946
2,2,3,4299,1,1,1,0.5346919894218445
2,2,3,4300,1,5,0,0.4167659282684326
2,2,3,4301,1,5,0,0.5067949891090393
2,2,3,4302,1,1,1,0.7402352690696716
2,2,3,4303,1,8,0,0.28270214796066284
2,2,4,4304,1,2,0,0.21626016497612
2,2,4,4305,1,1,1,0.3490630090236664
2,2,4,4306,1,1,1,0.5047412514686584
2,2,4,4307,1,1,1,0.3836117386817932
2,2,4,4308,1,5,0,0.3753301203250885
2,2,4,4309,1,5,0,0.4003579914569855
2,2,4,4310,1,1,1,0.4265458583831787
2,2,4,4311,1,0,0,0.17168226838111877
2,2,5,4312,1,0,0,0.2094724029302597
2,2,5,4313,1,9,0,0.36779114603996277
2,2,5,4314,1,0,0,0.28668874502182007
2,2,5,4315,1,0,0,0.20217153429985046
2,2,5,4316,1,4,0,0.1729557067155838
2,2,5,4317,1,2,0,0.1843986213207245
2,2,5,4318,1,1,1,0.2738226056098938
2,2,5,4319,1,1,1,0.3160110116004944
2,2,5,4320,1,1,1,0.8554086089134216
2,2,5,4321,1,1,1,0.7641445994377136
2,2,5,4322,1,1,1,0.649910569190979
2,2,5,4323,1,1,1,0.4660630226135254
2,2,5,4324,1,1,1,0.25603610277175903
2,2,5,4325,1,1,1,0.5952214002609253
2,2,5,4326,1,1,1,0.37106701731681824
2,2,5,4327,1,9,0,0.15264855325222015
2,2,5,4328,1,1,1,0.1776890605688095
2,2,6,4329,1,2,0,0.17240537703037262
2,2,6,4330,1,8,0,0.2152971476316452
2,2,6,4331,1,8,0,0.22150586545467377
2,2,6,4332,1,8,0,0.20318172872066498
2,2,6,4333,1,8,0,0.26607945561408997
2,2,6,4334,1,1,1,0.3806316554546356
2,2,6,4335,1,9,0,0.2553098797798157
2,2,6,4336,1,2,0,0.2629559338092804
2,2,6,4337,1,2,0,0.36412423849105835
2,2,6,4338,1,1,1,0.34205886721611023
2,2,6,4339,1,3,0,0.5532132983207703
2,2,6,4340,1,3,0,0.333406001329422
2,3,1,4341,2,2,1,0.17693834006786346
2,3,1,4342,2,9,0,0.3585897386074066
2,3,1,4343,2,9,0,0.540591835975647
2,3,1,4344,2,9,0,0.579484224319458
2,3,1,4345,2,9,0,0.3794220983982086
2,3,1,4346,2,9,0,0.48366883397102356
2,3,1,4347,2,2,1,0.21469038724899292
2,3,1,4348,2,9,0,0.22772729396820068
2,3,1,4349,2,0,0,0.19323229789733887
2,3,1,4350,2,0,0,0.2897203266620636
2,3,1,4351,2,4,0,0.19013337790966034
2,3,1,4352,2,6,0,0.2904139459133148
2,3,2,4353,2,0,0,0.20257456600666046
2,3,2,4354,2,9,0,0.27370685338974
2,3,2,4355,2,9,0,0.500866174697876
2,3,2,4356,2,9,0,0.5705007314682007
2,3,2,4357,2,1,0,0.29881757497787476
2,3,2,4358,2,9,0,0.3246002197265625
2,3,2,4359,2,2,1,0.26072555780410767
2,3,2,4360,2,2,1,0.32213467359542847
2,3,2,4361,2,2,1,0.28921249508857727
2,3,2,4362,2,9,0,0.2661575675010681
2,3,2,4363,2,2,1,0.24619808793067932
2,3,2,4364,2,8,0,0.19288510084152222
2,3,2,4365,2,8,0,0.25025925040245056
2,3,2,4366,2,8,0,0.3974727988243103
2,3,2,4367,2,6,0,0.2733040153980255
2,3,2,4368,2,8,0,0.26368582248687744
2,3,3,4369,2,0,0,0.31845250725746155
2,3,3,4370,2,0,0,0.22700253129005432
2,3,3,4371,2,0,0,0.17953862249851227
2,3,3,4372,2,9,0,0.339078813791275
2,3,3,4373,2,7,0,0.29913610219955444
2,3,3,4374,2,1,0,0.29670044779777527
2,3,3,4375,2,1,0,0.5197479128837585
2,3,3,4376,2,2,1,0.358591228723526
2,3,3,4377,2,2,1,0.2753848433494568
2,3,3,4378,2,4,0,0.2551780045032501
2,3,3,4379,2,9,0,0.24351735413074493
2,3,3,4380,2,9,0,0.3375519812107086
2,3,3,4381,2,9,0,0.1656457632780075
2,3,3,4382,2,8,0,0.20924274623394012
2,3,4,4383,2,4,0,0.18035410344600677
2,3,4,4384,2,7,0,0.16141965985298157
2,3,4,4385,2,9,0,0.27290526032447815
2,3,4,4386,2,9,0,0.19613750278949738
2,3,4,4387,2,9,0,0.19596505165100098
2,3,4,4388,2,9,0,0.2600051760673523
2,3,4,4389,2,9,0,0.1902928352355957
2,3,4,4390,2,7,0,0.29194918274879456
2,3,4,4391,2,2,1,0.19086892902851105
2,3,4,4392,2,9,0,0.38305097818374634
2,3,4,4393,2,2,1,0.3370574116706848
2,3,4,4394,2,8,0,0.18018628656864166
2,3,4,4395,2,2,1,0.1928831934928894
2,3,4,4396,2,0,0,0.184554323554039
2,3,4,4397,2,9,0,0.24554505944252014
2,3,4,4398,2,8,0,0.28763365745544434
2,3,5,4399,2,9,0,0.24311451613903046
2,3,5,4400,2,9,0,0.21347062289714813
2,3,5,4401,2,9,0,0.24720115959644318
2,3,5,4402,2,9,0,0.1848265379667282
2,3,5,4403,2,8,0,0.199724018573761
2,3,5,4404,2,2,1,0.16979782283306122
2,3,5,4405,2,8,0,0.25905394554138184
2,3,5,4406,2,2,1,0.34664008021354675
2,3,5,4407,2,1,0,0.27407607436180115
2,3,5,4408,2,2,1,0.45960164070129395
2,3,5,4409,2,2,1,0.2924959063529968
2,3,5,4410,2,2,1,0.5540380477905273
2,3,5,4411,2,2,1,0.45672571659088135
2,3,5,4412,2,2,1,0.45703649520874023
2,3,5,4413,2,2,1,0.5277355313301086
2,3,5,4414,2,2,1,0.6753790974617004
2,3,5,4415,2,9,0,0.21477973461151123
2,3,5,4416,2,6,0,0.23946048319339752
2,3,5,4417,2,6,0,0.21593192219734192
2,3,6,4418,2,8,0,0.15309907495975494
2,3,6,4419,2,9,0,0.2851669490337372
2,3,6,4420,2,9,0,0.4096772074699402
2,3,6,4421,2,1,0,0.33745118975639343
2,3,6,4422,2,1,0,0.4482088088989258
2,3,6,4423,2,9,0,0.22482824325561523
2,3,6,4424,2,1,0,0.38610637187957764
2,3,6,4425,2,2,1,0.3367694616317749
2,3,6,4426,2,2,1,0.40754514932632446
2,3,6,4427,2,9,0,0.20582258701324463
2,3,6,4428,2,8,0,0.19805742800235748
2,3,6,4429,2,2,1,0.21977010369300842
2,3,6,4430,2,4,0,0.19058340787887573
2,3,6,4431,2,9,0,0.2323291152715683
2,3,6,4432,2,8,0,0.15362216532230377
2,4,1,4433,3,6,0,0.1520783007144928
2,4,1,4434,3,0,0,0.6624990105628967
2,4,1,4435,3,8,0,0.36076727509498596
2,4,1,4436,3,0,0,0.33606377243995667
2,4,1,4437,3,0,0,0.3471716046333313
2,4,1,4438,3,0,0,0.5168421864509583
2,4,1,4439,3,9,0,0.32278960943222046
2,4,1,4440,3,2,0,0.19911308586597443
2,4,1,4441,3,0,0,0.23538371920585632
2,4,1,4442,3,0,0,0.380243182182312
2,4,1,4443,3,0,0,0.29300612211227417
2,4,1,4444,3,9,0,0.3264753520488739
2,4,2,4445,3,0,0,0.22129826247692108
2,4,2,4446,3,2,0,0.17141103744506836
2,4,2,4447,3,2,0,0.2298533171415329
2,4,2,4448,3,6,0,0.24782471358776093
2,4,2,4449,3,0,0,0.3917587101459503
2,4,2,4450,3,8,0,0.23420082032680511
2,4,2,4451,3,1,0,0.24282485246658325
2,4,2,4452,3,1,0,0.2645938992500305
2,4,2,4453,3,8,0,0.1627713292837143
2,4,3,4454,3,0,0,0.41847774386405945
2,4,3,4455,3,9,0,0.26969167590141296
2,4,3,4456,3,9,0,0.32682865858078003
2,4,3,4457,3,8,0,0.2083173543214798
2,4,3,4458,3,7,0,0.1926201432943344
2,4,3,4459,3,0,0,0.24692147970199585
2,4,3,4460,3,0,0,0.3735143542289734
2,4,3,4461,3,7,0,0.2206145077943802
2,4,3,4462,3,0,0,0.26837673783302307
2,4,3,4463,3,9,0,0.16936954855918884
2,4,4,4464,3,6,0,0.2925376296043396
2,4,4,4465,3,0,0,0.5027172565460205
2,4,4,4466,3,0,0,0.4676310420036316
2,4,4,4467,3,0,0,0.44218531250953674
2,4,4,4468,3,0,0,0.3987782299518585
2,4,4,4469,3,0,0,0.4190702438354492
2,4,4,4470,3,0,0,0.3299448788166046
2,4,4,4471,3,9,0,0.38893428444862366
2,4,4,4472,3,0,0,0.4536455273628235
2,4,4,4473,3,9,0,0.37572214007377625
2,4,4,4474,3,9,0,0.4578186869621277
2,4,4,4475,3,9,0,0.41539862751960754
2,4,5,4476,3,6,0,0.20394845306873322
2,4,5,4477,3,0,0,0.23660612106323242
2,4,5,4478,3,0,0,0.3299976587295532
2,4,5,4479,3,0,0,0.4495369791984558
2,4,5,4480,3,9,0,0.37591850757598877
2,4,5,4481,3,6,0,0.38938525319099426
2,4,5,4482,3,7,0,0.1987418830394745
2,4,5,4483,3,7,0,0.3172527849674225
2,4,5,4484,3,7,0,0.3169989287853241
2,4,5,4485,3,7,0,0.28263312578201294
2,4,5,4486,3,0,0,0.17880141735076904
2,4,5,4487,3,8,0,0.2315981686115265
2,4,5,4488,3,0,0,0.24563643336296082
2,4,6,4489,3,0,0,0.4638323187828064
2,4,6,4490,3,0,0,0.47363096475601196
2,4,6,4491,3,0,0,0.24933266639709473
2,4,6,4492,3,1,0,0.23909811675548553
2,4,6,4493,3,0,0,0.41845715045928955
2,4,6,4494,3,0,0,0.36800137162208557
2,4,6,4495,3,0,0,0.49190548062324524
2,4,6,4496,3,0,0,0.5159817934036255
2,4,6,4497,3,0,0,0.5062804818153381
2,5,1,4498,4,0,0,0.2946167290210724
2,5,1,4499,4,1,0,0.22192232310771942
2,5,1,4500,4,1,0,0.27776455879211426
2,5,1,4501,4,0,0,0.24520190060138702
2,5,1,4502,4,4,1,0.5296245813369751
2,5,1,4503,4,4,1,0.4281037449836731
2,5,1,4504,4,4,1,0.39325016736984253
2,5,1,4505,4,4,1,0.3509606719017029
2,5,1,4506,4,6,0,0.2787850499153137
2,5,1,4507,4,9,0,0.2529623806476593
2,5,2,4508,4,0,0,0.4103805124759674
2,5,2,4509,4,0,0,0.34969741106033325
2,5,2,4510,4,9,0,0.22628550231456757
2,5,2,4511,4,9,0,0.2280653566122055
2,5,2,4512,4,9,0,0.3175663948059082
2,5,2,4513,4,4,1,0.250056654214859
2,5,2,4514,4,4,1,0.4424341320991516
2,5,2,4515,4,9,0,0.41351667046546936
2,5,2,4516,4,4,1,0.32045677304267883
2,5,2,4517,4,1,0,0.2422955185174942
2,5,3,4518,4,0,0,0.16727125644683838
2,5,3,4519,4,0,0,0.2363155335187912
2,5,3,4520,4,1,0,0.26670777797698975
2,5,3,4521,4,4,1,0.4468379318714142
2,5,3,4522,4,4,1,0.4988686442375183
2,5,3,4523,4,4,1,0.28470689058303833
2,5,4,4524,4,0,0,0.33978891372680664
2,5,4,4525,4,9,0,0.23233166337013245
2,5,4,4526,4,4,1,0.33926916122436523
2,5,4,4527,4,4,1,0.5400999188423157
2,5,4,4528,4,0,0,0.4765533208847046
2,5,4,4529,4,0,0,0.40110793709754944
2,5,4,4530,4,0,0,0.3324342370033264
2,5,4,4531,4,4,1,0.48766854405403137
2,5,4,4532,4,4,1,0.3501424789428711
2,5,4,4533,4,4,1,0.46499037742614746
2,5,4,4534,4,4,1,0.6956831216812134
2,5,4,4535,4,4,1,0.6146378517150879
2,5,4,4536,4,4,1,0.4315098226070404
2,5,4,4537,4,4,1,0.42178627848625183
2,5,4,4538,4,4,1,0.4010753929615021
2,5,4,4539,4,4,1,0.4388190805912018
2,5,4,4540,4,4,1,0.6706975698471069
2,5,4,4541,4,4,1,0.32787466049194336
2,5,4,4542,4,6,0,0.3199569284915924
2,5,5,4543,4,0,0,0.2220357358455658
2,5,5,4544,4,0,0,0.34752535820007324
2,5,5,4545,4,4,1,0.3197566866874695
2,5,5,4546,4,4,1,0.31313949823379517
2,5,5,4547,4,4,1,0.2943190336227417
2,5,5,4548,4,4,1,0.4476381242275238
2,5,5,4549,4,4,1,0.4002845883369446
2,5,5,4550,4,6,0,0.306596964597702
2,5,5,4551,4,6,0,0.23777271807193756
2,5,5,4552,4,6,0,0.3261106312274933
2,5,5,4553,4,4,1,0.3543716073036194
2,5,5,4554,4,9,0,0.27192679047584534
2,5,5,4555,4,6,0,0.30672886967658997
2,5,5,4556,4,6,0,0.3369842767715454
2,5,5,4557,4,6,0,0.3258781135082245
2,5,6,4558,4,4,1,0.2275397777557373
2,5,6,4559,4,4,1,0.1997801512479782
2,5,6,4560,4,4,1,0.2504478096961975
2,5,6,4561,4,4,1,0.22735588252544403
2,5,6,4562,4,4,1,0.24205230176448822
2,5,6,4563,4,2,0,0.18853111565113068
2,5,6,4564,4,4,1,0.3343506455421448
2,5,6,4565,4,4,1,0.33896610140800476
2,5,6,4566,4,4,1,0.21531791985034943
2,5,6,4567,4,4,1,0.38220858573913574
2,5,6,4568,4,4,1,0.7017941474914551
2,5,6,4569,4,4,1,0.49864494800567627
2,5,6,4570,4,4,1,0.49273619055747986
2,5,6,4571,4,0,0,0.4186762273311615
2,5,6,4572,4,6,0,0.21362586319446564
2,6,1,4573,5,9,0,0.3268543481826782
2,6,1,4574,5,9,0,0.3527495265007019
2,6,1,4575,5,9,0,0.38490980863571167
2,6,1,4576,5,9,0,0.2055259644985199
2,6,1,4577,5,9,0,0.36613529920578003
2,6,1,4578,5,5,1,0.5383803844451904
2,6,1,4579,5,5,1,0.5812994241714478
2,6,1,4580,5,5,1,0.42165568470954895
2,6,1,4581,5,5,1,0.485983282327652
2,6,1,4582,5,9,0,0.30219751596450806
2,6,1,4583,5,9,0,0.24574361741542816
2,6,1,4584,5,9,0,0.24704879522323608
2,6,1,4585,5,5,1,0.2698955833911896
2,6,1,4586,5,9,0,0.268608421087265
2,6,1,4587,5,5,1,0.33306312561035156
2,6,1,4588,5,6,0,0.30182895064353943
2,6,1,4589,5,6,0,0.3895827829837799
2,6,2,4590,5,8,0,0.4057663381099701
2,6,2,4591,5,9,0,0.30281969904899597
2,6,2,4592,5,9,0,0.3582341969013214
2,6,2,4593,5,5,1,0.5679750442504883
2,6,2,4594,5,9,0,0.31830888986587524
2,6,2,4595,5,9,0,0.33307284116744995
2,6,2,4596,5,5,1,0.366272509098053
2,6,2,4597,5,5,1,0.2640407681465149
2,6,2,4598,5,5,1,0.43984851241111755
2,6,2,4599,5,5,1,0.46412622928619385
2,6,2,4600,5,5,1,0.3745567202568054
2,6,2,4601,5,9,0,0.4385852515697479
2,6,2,4602,5,9,0,0.26013094186782837
2,6,2,4603,5,0,0,0.2571521997451782
2,6,2,4604,5,5,1,0.46249961853027344
2,6,2,4605,5,5,1,0.30622705817222595
2,6,2,4606,5,5,1,0.24800346791744232
2,6,2,4607,5,9,0,0.21286837756633759
2,6,2,4608,5,6,0,0.17635896801948547
2,6,2,4609,5,6,0,0.24066956341266632
2,6,3,4610,5,8,0,0.2531682550907135
2,6,3,4611,5,8,0,0.30961814522743225
2,6,3,4612,5,8,0,0.2991674840450287
2,6,3,4613,5,9,0,0.33759230375289917
2,6,3,4614,5,9,0,0.2871895134449005
2,6,3,4615,5,9,0,0.29408344626426697
2,6,3,4616,5,9,0,0.33333295583724976
2,6,3,4617,5,5,1,0.5529319047927856
2,6,3,4618,5,5,1,0.7934797406196594
2,6,3,4619,5,5,1,0.4610770344734192
2,6,3,4620,5,5,1,0.558388888835907
2,6,3,4621,5,5,1,0.5667935013771057
2,6,3,4622,5,5,1,0.5057291984558105
2,6,3,4623,5,5,1,0.5035861730575562
2,6,3,4624,5,5,1,0.46243226528167725
2,6,3,4625,5,5,1,0.3791353404521942
2,6,3,4626,5,2,0,0.24819982051849365
2,6,3,4627,5,9,0,0.2324981540441513
2,6,3,4628,5,6,0,0.346689909696579
2,6,4,4629,5,8,0,0.27805495262145996
2,6,4,4630,5,9,0,0.32713553309440613
2,6,4,4631,5,9,0,0.387388676404953
2,6,4,4632,5,9,0,0.30093657970428467
2,6,4,4633,5,9,0,0.18586310744285583
2,6,4,4634,5,2,0,0.21860982477664948
2,6,4,4635,5,5,1,0.39895930886268616
2,6,4,4636,5,5,1,0.5717281699180603
2,6,4,4637,5,5,1,0.6126230359077454
2,6,4,4638,5,5,1,0.6147420406341553
2,6,4,4639,5,5,1,0.32295629382133484
2,6,4,4640,5,9,0,0.33410051465034485
2,6,4,4641,5,9,0,0.1765902191400528
2,6,4,4642,5,8,0,0.33652806282043457
2,6,5,4643,5,4,0,0.37030231952667236
2,6,5,4644,5,8,0,0.3434811532497406
2,6,5,4645,5,9,0,0.2383568435907364
2,6,5,4646,5,2,0,0.2384314239025116
2,6,5,4647,5,9,0,0.4138045608997345
2,6,5,4648,5,5,1,0.30597320199012756
2,6,5,4649,5,5,1,0.4583553075790405
2,6,5,4650,5,5,1,0.4146646559238434
2,6,5,4651,5,5,1,0.7753313779830933
2,6,5,4652,5,5,1,0.4444859027862549
2,6,5,4653,5,9,0,0.448108434677124
2,6,5,4654,5,9,0,0.17402392625808716
2,6,6,4655,5,4,0,0.2557392716407776
2,6,6,4656,5,8,0,0.2725723385810852
2,6,6,4657,5,9,0,0.3412224054336548
2,6,6,4658,5,9,0,0.25767797231674194
2,6,6,4659,5,2,0,0.22491499781608582
2,6,6,4660,5,9,0,0.21623030304908752
2,6,6,4661,5,9,0,0.22730262577533722
2,6,6,4662,5,5,1,0.3853907883167267
2,6,6,4663,5,9,0,0.3874266445636749
2,6,6,4664,5,5,1,0.3616429567337036
2,6,6,4665,5,5,1,0.30599093437194824
2,6,6,4666,5,2,0,0.2048126459121704
2,6,6,4667,5,8,0,0.2322484254837036
2,6,6,4668,5,8,0,0.30475690960884094
2,7,1,4669,6,8,0,0.26437506079673767
2,7,1,4670,6,4,0,0.29430651664733887
2,7,1,4671,6,1,0,0.22139930725097656
2,7,1,4672,6,6,1,0.2777084410190582
2,7,1,4673,6,6,1,0.38639235496520996
2,7,1,4674,6,9,0,0.17739243805408478
2,7,1,4675,6,8,0,0.25095653533935547
2,7,1,4676,6,9,0,0.2820670008659363
2,7,1,4677,6,8,0,0.3931218683719635
2,7,1,4678,6,6,1,0.2573315501213074
2,7,1,4679,6,8,0,0.3344682455062866
2,7,1,4680,6,8,0,0.45415452122688293
2,7,1,4681,6,8,0,0.359184592962265
2,7,1,4682,6,8,0,0.4162502884864807
2,7,1,4683,6,6,1,0.33880290389060974
2,7,1,4684,6,6,1,0.6120436787605286
2,7,2,4685,6,8,0,0.19174693524837494
2,7,2,4686,6,4,0,0.2164720892906189
2,7,2,4687,6,6,1,0.1695706993341446
2,7,2,4688,6,6,1,0.23644036054611206
2,7,2,4689,6,8,0,0.2903687357902527
2,7,2,4690,6,8,0,0.2516607940196991
2,7,2,4691,6,6,1,0.3320922553539276
2,7,2,4692,6,6,1,0.5523220300674438
2,7,2,4693,6,6,1,0.3873889148235321
2,7,2,4694,6,6,1,0.34808528423309326
2,7,2,4695,6,6,1,0.5431627631187439
2,7,3,4696,6,6,1,0.3142037093639374
2,7,3,4697,6,4,0,0.22682121396064758
2,7,3,4698,6,6,1,0.3456054627895355
2,7,3,4699,6,8,0,0.3078254759311676
2,7,3,4700,6,8,0,0.39344266057014465
2,7,3,4701,6,0,0,0.22232972085475922
2,7,3,4702,6,2,0,0.1489901840686798
2,7,3,4703,6,4,0,0.18446941673755646
2,7,3,4704,6,6,1,0.2740378677845001
2,7,3,4705,6,6,1,0.6458540558815002
2,7,3,4706,6,6,1,0.5760025382041931
2,7,3,4707,6,6,1,0.4302308261394501
2,7,4,4708,6,6,1,0.355081707239151
2,7,4,4709,6,8,0,0.3929722011089325
2,7,4,4710,6,6,1,0.41111618280410767
2,7,4,4711,6,6,1,0.3292268216609955
2,7,4,4712,6,6,1,0.3994830846786499
2,7,4,4713,6,6,1,0.4204966127872467
2,7,4,4714,6,6,1,0.6168896555900574
2,7,4,4715,6,6,1,0.5019230246543884
2,7,4,4716,6,6,1,0.5040507316589355
2,7,4,4717,6,6,1,0.4362345039844513
2,7,5,4718,6,9,0,0.2670906186103821
2,7,5,4719,6,6,1,0.42975175380706787
2,7,5,4720,6,6,1,0.29266783595085144
2,7,5,4721,6,8,0,0.2825589179992676
2,7,5,4722,6,6,1,0.4796127378940582
2,7,5,4723,6,6,1,0.47239845991134644
2,7,5,4724,6,6,1,0.40677008032798767
2,7,5,4725,6,6,1,0.4228498935699463
2,7,5,4726,6,8,0,0.30792951583862305
2,7,6,4727,6,6,1,0.1916486918926239
2,7,6,4728,6,0,0,0.19332869350910187
2,7,6,4729,6,8,0,0.4141171872615814
2,7,6,4730,6,8,0,0.4697986841201782
2,7,6,4731,6,4,0,0.18697336316108704
2,7,6,4732,6,6,1,0.4584663212299347
2,7,6,4733,6,6,1,0.5363050103187561
2,7,6,4734,6,6,1,0.41749459505081177
2,7,6,4735,6,6,1,0.4679829776287079
2,7,6,4736,6,6,1,0.5802916288375854
2,7,6,4737,6,6,1,0.5634439587593079
2,8,1,4738,7,9,0,0.30358439683914185
2,8,1,4739,7,7,1,0.38831549882888794
2,8,1,4740,7,7,1,0.28274062275886536
2,8,1,4741,7,7,1,0.38624438643455505
2,8,1,4742,7,9,0,0.30500489473342896
2,8,1,4743,7,9,0,0.3595627248287201
2,8,1,4744,7,7,1,0.25644010305404663
2,8,1,4745,7,8,0,0.3882328271865845
2,8,1,4746,7,8,0,0.46762600541114807
2,8,1,4747,7,8,0,0.40434253215789795
2,8,1,4748,7,6,0,0.25715747475624084
2,8,1,4749,7,8,0,0.26529693603515625
2,8,1,4750,7,8,0,0.23117855191230774
2,8,1,4751,7,6,0,0.4625728726387024
2,8,2,4752,7,6,0,0.44395923614501953
2,8,2,4753,7,6,0,0.31962013244628906
2,8,2,4754,7,8,0,0.2367628514766693
2,8,2,4755,7,8,0,0.22390194237232208
2,8,2,4756,7,8,0,0.411682665348053
2,8,2,4757,7,7,1,0.44889649748802185
2,8,2,4758,7,7,1,0.4579258859157562
2,8,2,4759,7,7,1,0.48026466369628906
2,8,2,4760,7,7,1,0.5296936631202698
2,8,2,4761,7,7,1,0.4299008846282959
2,8,2,4762,7,8,0,0.42067715525627136
2,8,2,4763,7,7,1,0.3438183069229126
2,8,2,4764,7,7,1,0.20032690465450287
2,8,2,4765,7,7,1,0.2107570767402649
2,8,2,4766,7,9,0,0.21741273999214172
2,8,2,4767,7,8,0,0.2692631483078003
2,8,2,4768,7,8,0,0.27800408005714417
2,8,2,4769,7,8,0,0.2176654040813446
2,8,2,4770,7,6,0,0.3321477472782135
2,8,2,4771,7,6,0,0.5857467651367188
2,8,3,4772,7,8,0,0.29732266068458557
2,8,3,4773,7,9,0,0.14826424419879913
2,8,3,4774,7,6,0,0.2117791771888733
2,8,3,4775,7,9,0,0.2621667683124542
2,8,3,4776,7,8,0,0.28152379393577576
2,8,3,4777,7,8,0,0.3812349736690521
2,8,3,4778,7,8,0,0.4230736494064331
2,8,3,4779,7,8,0,0.38626450300216675
2,8,3,4780,7,8,0,0.4242400825023651
2,8,3,4781,7,8,0,0.4034492075443268
2,8,3,4782,7,7,1,0.282412588596344
2,8,3,4783,7,9,0,0.4547708332538605
2,8,3,4784,7,9,0,0.4800843596458435
2,8,3,4785,7,7,1,0.47809386253356934
2,8,3,4786,7,7,1,0.521166205406189
2,8,3,4787,7,8,0,0.37221813201904297
2,8,3,4788,7,8,0,0.3655987083911896
2,8,3,4789,7,8,0,0.285551518201828
2,8,4,4790,7,8,0,0.30255624651908875
2,8,4,4791,7,8,0,0.24127903580665588
2,8,4,4792,7,7,1,0.4482820928096771
2,8,4,4793,7,8,0,0.40743422508239746
2,8,4,4794,7,8,0,0.3875065743923187
2,8,4,4795,7,9,0,0.35968148708343506
2,8,4,4796,7,7,1,0.5153444409370422
2,8,4,4797,7,8,0,0.398328572511673
2,8,4,4798,7,8,0,0.2860739827156067
2,8,4,4799,7,7,1,0.3488613963127136
2,8,4,4800,7,7,1,0.4790056645870209
2,8,4,4801,7,9,0,0.3685343265533447
2,8,4,4802,7,8,0,0.34476879239082336
2,8,4,4803,7,9,0,0.35569387674331665
2,8,4,4804,7,7,1,0.19852092862129211
2,8,4,4805,7,6,0,0.4076358377933502
2,8,5,4806,7,8,0,0.21611258387565613
2,8,5,4807,7,0,0,0.28511595726013184
2,8,5,4808,7,0,0,0.3117787837982178
2,8,5,4809,7,1,0,0.22209297120571136
2,8,5,4810,7,0,0,0.187933549284935
2,8,5,4811,7,7,1,0.2520725429058075
2,8,5,4812,7,7,1,0.3431403636932373
2,8,5,4813,7,7,1,0.4580491781234741
2,8,5,4814,7,7,1,0.37465986609458923
2,8,5,4815,7,7,1,0.5076760649681091
2,8,5,4816,7,7,1,0.581645667552948
2,8,5,4817,7,7,1,0.41957801580429077
2,8,5,4818,7,7,1,0.25606003403663635
2,8,5,4819,7,7,1,0.29618361592292786
2,8,5,4820,7,8,0,0.3402610123157501
2,8,5,4821,7,8,0,0.2790832817554474
2,8,5,4822,7,9,0,0.16921627521514893
2,8,6,4823,7,8,0,0.29448503255844116
2,8,6,4824,7,0,0,0.18963782489299774
2,8,6,4825,7,8,0,0.26342326402664185
2,8,6,4826,7,6,0,0.2051306962966919
2,8,6,4827,7,7,1,0.282543808221817
2,8,6,4828,7,7,1,0.4591849446296692
2,8,6,4829,7,7,1,0.5853614807128906
2,8,6,4830,7,7,1,0.4307677745819092
2,8,6,4831,7,7,1,0.30652832984924316
2,8,6,4832,7,7,1,0.3436579704284668
2,8,6,4833,7,7,1,0.44351106882095337
2,8,6,4834,7,7,1,0.5940350890159607
2,8,6,4835,7,7,1,0.7056583762168884
2,8,6,4836,7,7,1,0.30220654606819153
2,8,6,4837,7,7,1,0.26573681831359863
2,8,6,4838,7,7,1,0.3305187523365021
2,8,6,4839,7,8,0,0.31525668501853943
2,8,6,4840,7,9,0,0.278016060590744
2,8,6,4841,7,8,0,0.27981773018836975
2,9,1,4842,8,4,0,0.3140338957309723
2,9,1,4843,8,9,0,0.20935916900634766
2,9,1,4844,8,8,1,0.3507862091064453
2,9,1,4845,8,8,1,0.484140008687973
2,9,1,4846,8,8,1,0.40382838249206543
2,9,1,4847,8,8,1,0.47697120904922485
2,9,1,4848,8,8,1,0.4778499901294708
2,9,1,4849,8,8,1,0.49195945262908936
2,9,1,4850,8,8,1,0.428713858127594
2,9,1,4851,8,8,1,0.4306415617465973
2,9,1,4852,8,8,1,0.37851715087890625
2,9,1,4853,8,8,1,0.3388752341270447
2,9,1,4854,8,8,1,0.5168545246124268
2,9,1,4855,8,8,1,0.46506810188293457
2,9,1,4856,8,6,0,0.39186155796051025
2,9,1,4857,8,6,0,0.44357478618621826
2,9,1,4858,8,6,0,0.34768611192703247
2,9,1,4859,8,6,0,0.35611629486083984
2,9,2,4860,8,8,1,0.415355384349823
2,9,2,4861,8,8,1,0.38199326395988464
2,9,2,4862,8,8,1,0.39203736186027527
2,9,2,4863,8,9,0,0.329047292470932
2,9,2,4864,8,8,1,0.2592282295227051
2,9,2,4865,8,8,1,0.4927383363246918
2,9,2,4866,8,8,1,0.4530452787876129
2,9,2,4867,8,8,1,0.4784446358680725
2,9,2,4868,8,8,1,0.4485698640346527
2,9,2,4869,8,8,1,0.4666655361652374
2,9,2,4870,8,9,0,0.36591899394989014
2,9,2,4871,8,8,1,0.18407773971557617
2,9,2,4872,8,8,1,0.3788812458515167
2,9,2,4873,8,6,0,0.31848153471946716
2,9,3,4874,8,8,1,0.3177376389503479
2,9,3,4875,8,8,1,0.3378205895423889
2,9,3,4876,8,8,1,0.32838550209999084
2,9,3,4877,8,8,1,0.40598973631858826
2,9,3,4878,8,8,1,0.4588375687599182
2,9,3,4879,8,8,1,0.45563092827796936
2,9,3,4880,8,8,1,0.4499081075191498
2,9,3,4881,8,8,1,0.5225279331207275
2,9,3,4882,8,8,1,0.34583917260169983
2,9,3,4883,8,6,0,0.3566429018974304
2,9,3,4884,8,8,1,0.4083790183067322
2,9,3,4885,8,8,1,0.56852787733078
2,9,3,4886,8,8,1,0.3945736289024353
2,9,4,4887,8,8,1,0.3633731007575989
2,9,4,4888,8,9,0,0.4979088008403778
2,9,4,4889,8,9,0,0.2776762545108795
2,9,4,4890,8,8,1,0.45048439502716064
2,9,4,4891,8,8,1,0.40323448181152344
2,9,4,4892,8,8,1,0.458908349275589
2,9,4,4893,8,8,1,0.587541937828064
2,9,4,4894,8,8,1,0.46580150723457336
2,9,4,4895,8,8,1,0.4493962824344635
2,9,4,4896,8,8,1,0.4028719961643219
2,9,4,4897,8,8,1,0.32047608494758606
2,9,4,4898,8,8,1,0.638257622718811
2,9,4,4899,8,8,1,0.6600755453109741
2,9,4,4900,8,6,0,0.44024157524108887
2,9,5,4901,8,6,0,0.2545492947101593
2,9,5,4902,8,7,0,0.26552844047546387
2,9,5,4903,8,9,0,0.2387225180864334
2,9,5,4904,8,9,0,0.3692706525325775
2,9,5,4905,8,8,1,0.4140137732028961
2,9,5,4906,8,8,1,0.40279287099838257
2,9,5,4907,8,8,1,0.437965452671051
2,9,5,4908,8,8,1,0.4886927306652069
2,9,5,4909,8,8,1,0.44162386655807495
2,9,5,4910,8,8,1,0.5217182636260986
2,9,5,4911,8,8,1,0.33178600668907166
2,9,5,4912,8,8,1,0.7806202173233032
2,9,6,4913,8,6,0,0.3645762801170349
2,9,6,4914,8,6,0,0.2528453469276428
2,9,6,4915,8,8,1,0.33925288915634155
2,9,6,4916,8,8,1,0.3239961564540863
2,9,6,4917,8,8,1,0.4201469123363495
2,9,6,4918,8,8,1,0.4537178575992584
2,9,6,4919,8,8,1,0.34348228573799133
2,9,6,4920,8,8,1,0.5254588723182678
2,9,6,4921,8,8,1,0.4477924108505249
2,9,6,4922,8,8,1,0.486510306596756
2,9,6,4923,8,8,1,0.41259655356407166
2,9,6,4924,8,8,1,0.4319590628147125
2,9,6,4925,8,8,1,0.363567590713501
2,9,6,4926,8,8,1,0.29201608896255493
2,9,6,4927,8,8,1,0.3120175898075104
2,9,6,4928,8,8,1,0.5695940256118774
2,9,6,4929,8,8,1,0.7501528859138489
2,9,6,4930,8,8,1,0.4915291666984558
2,10,1,4931,9,8,0,0.28528955578804016
2,10,1,4932,9,9,1,0.21562841534614563
2,10,1,4933,9,6,0,0.19471800327301025
2,10,1,4934,9,9,1,0.8476681709289551
2,10,1,4935,9,9,1,0.49805566668510437
2,10,1,4936,9,9,1,0.6530227661132812
2,10,1,4937,9,9,1,0.4646678566932678
2,10,1,4938,9,2,0,0.26408982276916504
2,10,1,4939,9,2,0,0.23789671063423157
2,10,1,4940,9,9,1,0.19411757588386536
2,10,1,4941,9,4,0,0.16638155281543732
2,10,1,4942,9,4,0,0.16993655264377594
2,10,2,4943,9,9,1,0.34539204835891724
2,10,2,4944,9,9,1,0.3356052041053772
2,10,2,4945,9,4,0,0.21068792045116425
2,10,2,4946,9,4,0,0.22376100718975067
2,10,2,4947,9,2,0,0.22289663553237915
2,10,2,4948,9,9,1,0.6756615042686462
2,10,2,4949,9,9,1,0.751168429851532
2,10,2,4950,9,9,1,0.3939477205276489
2,10,2,4951,9,9,1,0.7172377705574036
2,10,2,4952,9,9,1,0.6167992353439331
2,10,2,4953,9,9,1,0.7884729504585266
2,10,2,4954,9,9,1,0.6824836730957031
2,10,2,4955,9,9,1,0.2001926153898239
2,10,2,4956,9,4,0,0.24500472843647003
2,10,3,4957,9,9,1,0.2654910981655121
2,10,3,4958,9,2,0,0.26879429817199707
2,10,3,4959,9,9,1,0.1828191727399826
2,10,3,4960,9,9,1,0.24412092566490173
2,10,3,4961,9,9,1,0.2279016673564911
2,10,3,4962,9,9,1,0.6641740202903748
2,10,3,4963,9,9,1,0.7565536499023438
2,10,3,4964,9,9,1,0.6015400886535645
2,10,3,4965,9,9,1,0.8511831164360046
2,10,3,4966,9,9,1,0.6127914786338806
2,10,3,4967,9,9,1,0.7774027585983276
2,10,3,4968,9,9,1,0.7059362530708313
2,10,3,4969,9,9,1,0.36355921626091003
2,10,3,4970,9,6,0,0.2389945387840271
2,10,4,4971,9,9,1,0.2953920066356659
2,10,4,4972,9,9,1,0.3444110155105591
2,10,4,4973,9,9,1,0.2615043520927429
2,10,4,4974,9,4,0,0.1969572752714157
2,10,4,4975,9,9,1,0.22575081884860992
2,10,4,4976,9,0,0,0.2082139402627945
2,10,4,4977,9,9,1,0.6383578777313232
2,10,4,4978,9,9,1,0.6511739492416382
2,10,4,4979,9,9,1,0.8495523929595947
2,10,4,4980,9,9,1,0.8089072108268738
2,10,4,4981,9,9,1,0.7044394612312317
2,10,4,4982,9,9,1,0.5884631872177124
2,10,4,4983,9,9,1,0.2384267896413803
2,10,4,4984,9,2,0,0.18997074663639069
2,10,4,4985,9,9,1,0.1985308825969696
2,10,4,4986,9,4,0,0.2218313366174698
2,10,5,4987,9,9,1,0.5633610486984253
2,10,5,4988,9,9,1,0.449927419424057
2,10,5,4989,9,9,1,0.7109024524688721
2,10,5,4990,9,9,1,0.6789585947990417
2,10,5,4991,9,9,1,0.3664655089378357
2,10,5,4992,9,8,0,0.2292279303073883
2,10,6,4993,9,2,0,0.30290156602859497
2,10,6,4994,9,2,0,0.2843165695667267
2,10,6,4995,9,1,0,0.1737123727798462
2,10,6,4996,9,0,0,0.3233804404735565
2,10,6,4997,9,0,0,0.30187922716140747
2,10,6,4998,9,9,1,0.7792064547538757
2,10,6,4999,9,9,1,0.7543523907661438
2,10,6,5000,9,9,1,0.7446113228797913
2,10,6,5001,9,9,1,0.4723265767097473
2,10,6,5002,9,9,1,0.5699720978736877
2,10,6,5003,9,9,1,0.4384995996952057
2,10,6,5004,9,9,1,0.590980589389801
2,10,6,5005,9,9,1,0.7465621829032898
2,10,6,5006,9,9,1,0.7461509704589844
2,10,6,5007,9,9,1,0.7953333258628845
2,10,6,5008,9,9,1,0.31310224533081055
3,1,1,5009,0,0,1,0.2123115211725235
3,1,1,5010,0,0,1,0.1683836281299591
3,1,1,5011,0,0,1,0.2894030809402466
3,1,1,5012,0,0,1,0.5023221969604492
3,1,1,5013,0,0,1,0.465824156999588
3,1,1,5014,0,0,1,0.6898090243339539
3,1,1,5015,0,0,1,0.36663132905960083
3,1,1,5016,0,0,1,0.657069742679596
3,1,1,5017,0,0,1,0.5619715452194214
3,1,1,5018,0,0,1,0.3457925617694855
3,1,1,5019,0,0,1,0.4410540461540222
3,1,1,5020,0,0,1,0.4819284677505493
3,1,2,5021,0,0,1,0.6211849451065063
3,1,2,5022,0,0,1,0.491323322057724
3,1,2,5023,0,0,1,0.4992712140083313
3,1,2,5024,0,0,1,0.27529117465019226
3,1,2,5025,0,0,1,0.3999786376953125
3,1,2,5026,0,9,0,0.35708025097846985
3,1,2,5027,0,9,0,0.4752280116081238
3,1,2,5028,0,0,1,0.42905890941619873
3,1,2,5029,0,0,1,0.5210244059562683
3,1,2,5030,0,0,1,0.4175633490085602
3,1,3,5031,0,0,1,0.5867068767547607
3,1,3,5032,0,0,1,0.562900185585022
3,1,3,5033,0,0,1,0.6125010251998901
3,1,3,5034,0,0,1,0.6888731122016907
3,1,3,5035,0,0,1,0.6804034113883972
3,1,3,5036,0,0,1,0.5035883784294128
3,1,3,5037,0,0,1,0.37396326661109924
3,1,3,5038,0,0,1,0.5744659304618835
3,1,3,5039,0,0,1,0.553962767124176
3,1,3,5040,0,0,1,0.5288841128349304
3,1,3,5041,0,0,1,0.44789835810661316
3,1,3,5042,0,0,1,0.5428283214569092
3,1,4,5043,0,0,1,0.4948400557041168
3,1,4,5044,0,0,1,0.5965215563774109
3,1,4,5045,0,0,1,0.41628119349479675
3,1,4,5046,0,9,0,0.4164664149284363
3,1,4,5047,0,0,1,0.3737557828426361
3,1,4,5048,0,0,1,0.42701444029808044
3,1,4,5049,0,0,1,0.45790696144104004
3,1,4,5050,0,0,1,0.40675869584083557
3,1,5,5051,0,0,1,0.6443378925323486
3,1,5,5052,0,0,1,0.6441530585289001
3,1,5,5053,0,9,0,0.47019100189208984
3,1,5,5054,0,9,0,0.446699857711792
3,1,5,5055,0,0,1,0.37535977363586426
3,1,5,5056,0,0,1,0.637383222579956
3,1,5,5057,0,0,1,0.6461937427520752
3,1,6,5058,0,0,1,0.5055881142616272
3,1,6,5059,0,0,1,0.4926132261753082
3,1,6,5060,0,0,1,0.604423999786377
3,1,6,5061,0,0,1,0.5256267189979553
3,1,6,5062,0,9,0,0.41918736696243286
3,1,6,5063,0,0,1,0.4083305597305298
3,1,6,5064,0,0,1,0.3196641802787781
3,1,6,5065,0,9,0,0.2344253957271576
3,1,6,5066,0,0,1,0.3250902593135834
3,1,6,5067,0,0,1,0.572914719581604
3,1,6,5068,0,0,1,0.5498343110084534
3,1,6,5069,0,0,1,0.46103015542030334
3,1,6,5070,0,0,1,0.4216921925544739
3,1,6,5071,0,0,1,0.4133090376853943
3,1,6,5072,0,0,1,0.3750597834587097
3,1,6,5073,0,9,0,0.5312537550926208
3,1,6,5074,0,9,0,0.5168665647506714
3,1,6,5075,0,0,1,0.5023912191390991
3,1,6,5076,0,0,1,0.6122798919677734
3,1,6,5077,0,0,1,0.5844571590423584
3,1,6,5078,0,0,1,0.6114475727081299
3,1,6,5079,0,0,1,0.4905833899974823
3,1,6,5080,0,0,1,0.6262039542198181
3,1,6,5081,0,0,1,0.5431647300720215
3,1,6,5082,0,0,1,0.32901668548583984
3,1,6,5083,0,9,0,0.32456400990486145
3,1,6,5084,0,9,0,0.4325423240661621
3,2,1,5085,1,0,0,0.3406471014022827
3,2,1,5086,1,1,1,0.44797974824905396
3,2,1,5087,1,0,0,0.6054849028587341
3,2,1,5088,1,0,0,0.5256035327911377
3,2,1,5089,1,0,0,0.6091333627700806
3,2,1,5090,1,0,0,0.5880244374275208
3,2,1,5091,1,0,0,0.5189424157142639
3,2,1,5092,1,0,0,0.4283289909362793
3,2,1,5093,1,1,1,0.35566505789756775
3,2,1,5094,1,0,0,0.45920389890670776
3,2,1,5095,1,0,0,0.5150230526924133
3,2,1,5096,1,0,0,0.40646132826805115
3,2,1,5097,1,0,0,0.4313995838165283
3,2,2,5098,1,0,0,0.5546411871910095
3,2,2,5099,1,0,0,0.5679571032524109
3,2,2,5100,1,0,0,0.5064230561256409
3,2,2,5101,1,0,0,0.49987003207206726
3,2,2,5102,1,0,0,0.35837170481681824
3,2,2,5103,1,1,1,0.49586454033851624
3,2,2,5104,1,0,0,0.31755712628364563
3,2,2,5105,1,0,0,0.35840052366256714
3,2,2,5106,1,0,0,0.30978384613990784
3,2,2,5107,1,0,0,0.36999040842056274
3,2,2,5108,1,0,0,0.42875486612319946
3,2,2,5109,1,0,0,0.4277362823486328
3,2,2,5110,1,0,0,0.3477099537849426
3,2,2,5111,1,0,0,0.30138546228408813
3,2,2,5112,1,8,0,0.276211678981781
3,2,2,5113,1,1,1,0.3290482759475708
3,2,2,5114,1,1,1,0.2637951672077179
3,2,2,5115,1,0,0,0.41348281502723694
3,2,2,5116,1,9,0,0.3433067798614502
3,2,3,5117,1,2,0,0.2720346748828888
3,2,3,5118,1,1,1,0.2450559139251709
3,2,3,5119,1,0,0,0.21402917802333832
3,2,3,5120,1,0,0,0.40883082151412964
3,2,3,5121,1,0,0,0.447263240814209
3,2,3,5122,1,0,0,0.5108292102813721
3,2,3,5123,1,0,0,0.5093697309494019
3,2,3,5124,1,0,0,0.41932979226112366
3,2,3,5125,1,1,1,0.38399070501327515
3,2,3,5126,1,1,1,0.4245328903198242
3,2,3,5127,1,0,0,0.31050291657447815
3,2,3,5128,1,0,0,0.3745010197162628
3,2,4,5129,1,0,0,0.46298283338546753
3,2,4,5130,1,0,0,0.5508970022201538
3,2,4,5131,1,0,0,0.5217744708061218
3,2,4,5132,1,0,0,0.5152876377105713
3,2,4,5133,1,0,0,0.4333885908126831
3,2,4,5134,1,0,0,0.34129002690315247
3,2,4,5135,1,1,1,0.4074086546897888
3,2,4,5136,1,1,1,0.31439754366874695
3,2,4,5137,1,1,1,0.38171806931495667
3,2,4,5138,1,1,1,0.3888266384601593
3,2,5,5139,1,1,1,0.4052518904209137
3,2,5,5140,1,0,0,0.4624856412410736
3,2,5,5141,1,0,0,0.427255243062973
3,2,5,5142,1,0,0,0.4253492057323456
3,2,5,5143,1,0,0,0.39437592029571533
3,2,5,5144,1,1,1,0.6236122250556946
3,2,5,5145,1,1,1,0.4785526692867279
3,2,5,5146,1,1,1,0.4665287733078003
3,2,5,5147,1,0,0,0.3113144338130951
3,2,5,5148,1,6,0,0.2562914490699768
3,2,5,5149,1,1,1,0.35611194372177124
3,2,5,5150,1,0,0,0.5629989504814148
3,2,6,5151,1,0,0,0.446399062871933
3,2,6,5152,1,0,0,0.44670194387435913
3,2,6,5153,1,0,0,0.4308721125125885
3,2,6,5154,1,0,0,0.4347291588783264
3,2,6,5155,1,1,1,0.43247145414352417
3,2,6,5156,1,0,0,0.22629614174365997
3,2,6,5157,1,0,0,0.29498961567878723
3,2,6,5158,1,0,0,0.5219173431396484
3,2,6,5159,1,0,0,0.2000076323747635
3,2,6,5160,1,0,0,0.40795955061912537
3,3,1,5161,2,6,0,0.3366703391075134
3,3,1,5162,2,2,1,0.4736763834953308
3,3,1,5163,2,2,1,0.4406472146511078
3,3,1,5164,2,2,1,0.5839547514915466
3,3,1,5165,2,2,1,0.6551995873451233
3,3,1,5166,2,2,1,0.9034441113471985
3,3,1,5167,2,2,1,0.8649427890777588
3,3,1,5168,2,2,1,0.4480152130126953
3,3,1,5169,2,2,1,0.6934412121772766
3,3,1,5170,2,2,1,0.500577986240387
3,3,1,5171,2,2,1,0.3928387463092804
3,3,1,5172,2,2,1,0.3617571294307709
3,3,1,5173,2,4,0,0.2654711604118347
3,3,1,5174,2,2,1,0.2697595953941345
3,3,1,5175,2,2,1,0.2617703080177307
3,3,1,5176,2,2,1,0.36329519748687744
3,3,1,5177,2,2,1,0.19807226955890656
3,3,1,5178,2,9,0,0.25700682401657104
3,3,1,5179,2,9,0,0.3296900689601898
3,3,1,5180,2,9,0,0.36102089285850525
3,3,1,5181,2,9,0,0.2891446053981781
3,3,1,5182,2,0,0,0.380103200674057
3,3,1,5183,2,0,0,0.37626323103904724
3,3,2,5184,2,2,1,0.28808143734931946
3,3,2,5185,2,2,1,0.749832034111023
3,3,2,5186,2,2,1,0.5258476734161377
3,3,2,5187,2,2,1,0.2418796569108963
3,3,2,5188,2,6,0,0.27970701456069946
3,3,2,5189,2,2,1,0.6125317215919495
3,3,2,5190,2,2,1,0.4077511131763458
3,3,2,5191,2,2,1,0.5067766308784485
3,3,2,5192,2,2,1,0.5621809363365173
3,3,2,5193,2,2,1,0.35944539308547974
3,3,2,5194,2,2,1,0.4976080656051636
3,3,2,5195,2,2,1,0.2897324860095978
3,3,2,5196,2,9,0,0.351545512676239
3,3,2,5197,2,9,0,0.3092462122440338
3,3,2,5198,2,2,1,0.24525244534015656
3,3,2,5199,2,2,1,0.32863637804985046
3,3,2,5200,2,2,1,0.2958904206752777
3,3,2,5201,2,2,1,0.26353156566619873
3,3,2,5202,2,2,1,0.28876447677612305
3,3,2,5203,2,0,0,0.3345620334148407
3,3,2,5204,2,0,0,0.2654859125614166
3,3,2,5205,2,0,0,0.28015434741973877
3,3,2,5206,2,9,0,0.21063359081745148
3,3,2,5207,2,2,1,0.20504634082317352
3,3,2,5208,2,0,0,0.23312394320964813
3,3,2,5209,2,0,0,0.24721351265907288
3,3,2,5210,2,0,0,0.27823036909103394
3,3,2,5211,2,0,0,0.29655224084854126
3,3,2,5212,2,9,0,0.25044164061546326
3,3,2,5213,2,0,0,0.2390429824590683
3,3,3,5214,2,2,1,0.45038121938705444
3,3,3,5215,2,2,1,0.5966255068778992
3,3,3,5216,2,2,1,0.3063775300979614
3,3,3,5217,2,0,0,0.3031010627746582
3,3,3,5218,2,2,1,0.5092517137527466
3,3,3,5219,2,2,1,0.5588358044624329
3,3,3,5220,2,2,1,0.6174853444099426
3,3,3,5221,2,2,1,0.6246570348739624
3,3,3,5222,2,2,1,0.5459503531455994
3,3,3,5223,2,2,1,0.5375615358352661
3,3,3,5224,2,2,1,0.6902788281440735
3,3,3,5225,2,2,1,0.6414086818695068
3,3,3,5226,2,2,1,0.645033597946167
3,3,3,5227,2,2,1,0.3285256326198578
3,3,3,5228,2,2,1,0.43541955947875977
3,3,3,5229,2,0,0,0.3178905248641968
3,3,3,5230,2,4,0,0.2659945487976074
3,3,3,5231,2,2,1,0.3243030905723572
3,3,3,5232,2,6,0,0.23337773978710175
3,3,4,5233,2,6,0,0.33780786395072937
3,3,4,5234,2,6,0,0.3985382616519928
3,3,4,5235,2,6,0,0.4376576542854309
3,3,4,5236,2,2,1,0.3789832293987274
3,3,4,5237,2,2,1,0.3186998963356018
3,3,4,5238,2,2,1,0.49011027812957764
3,3,4,5239,2,2,1,0.5675366520881653
3,3,4,5240,2,2,1,0.30022984743118286
3,3,5,5241,2,2,1,0.30065393447875977
3,3,5,5242,2,2,1,0.3557634949684143
3,3,5,5243,2,2,1,0.5062257051467896
3,3,5,5244,2,2,1,0.6742485165596008
3,3,5,5245,2,2,1,0.5030920505523682
3,3,5,5246,2,2,1,0.3761800527572632
3,3,5,5247,2,2,1,0.5434247255325317
3,3,5,5248,2,6,0,0.17227086424827576
3,3,5,5249,2,6,0,0.4006630480289459
3,3,6,5250,2,2,1,0.29694151878356934
3,3,6,5251,2,2,1,0.4095410406589508
3,3,6,5252,2,2,1,0.2601969838142395
3,3,6,5253,2,2,1,0.3208351731300354
3,3,6,5254,2,2,1,0.25067147612571716
3,3,6,5255,2,2,1,0.5970639586448669
3,3,6,5256,2,2,1,0.41194814443588257
3,3,6,5257,2,2,1,0.5938207507133484
3,3,6,5258,2,2,1,0.49730750918388367
3,3,6,5259,2,6,0,0.26146936416625977
3,3,6,5260,2,6,0,0.27576273679733276
3,3,6,5261,2,6,0,0.4207463264465332
3,3,6,5262,2,6,0,0.3140125572681427
3,3,6,5263,2,9,0,0.1825510710477829
3,3,6,5264,2,0,0,0.3152461051940918
3,3,6,5265,2,9,0,0.3460189402103424
3,3,6,5266,2,2,1,0.2163172960281372
3,3,6,5267,2,2,1,0.2627153992652893
3,4,1,5268,3,6,0,0.2863115668296814
3,4,1,5269,3,0,0,0.22229818999767303
3,4,1,5270,3,0,0,0.32124289870262146
3,4,1,5271,3,0,0,0.3481913208961487
3,4,1,5272,3,3,1,0.7520799040794373
3,4,1,5273,3,3,1,0.6182220578193665
3,4,1,5274,3,3,1,0.33433350920677185
3,4,1,5275,3,3,1,0.3217024803161621
3,4,1,5276,3,8,0,0.3726968467235565
3,4,1,5277,3,8,0,0.2488250434398651
3,4,1,5278,3,9,0,0.4179634749889374
3,4,1,5279,3,8,0,0.29466691613197327
3,4,1,5280,3,8,0,0.3145940601825714
3,4,1,5281,3,3,1,0.5609238743782043
3,4,1,5282,3,3,1,0.5750521421432495
3,4,1,5283,3,0,0,0.3497861325740814
3,4,1,5284,3,0,0,0.29319560527801514
3,4,2,5285,3,0,0,0.1883658915758133
3,4,2,5286,3,9,0,0.19617775082588196
3,4,2,5287,3,0,0,0.3457379937171936
3,4,2,5288,3,3,1,0.47361814975738525
3,4,2,5289,3,3,1,0.740308940410614
3,4,2,5290,3,3,1,0.8920358419418335
3,4,2,5291,3,3,1,0.9235443472862244
3,4,2,5292,3,3,1,0.9238446354866028
3,4,2,5293,3,3,1,0.8553602695465088
3,4,2,5294,3,3,1,0.8961699604988098
3,4,2,5295,3,3,1,0.8643826246261597
3,4,2,5296,3,3,1,0.7847416400909424
3,4,2,5297,3,3,1,0.6978156566619873
3,4,2,5298,3,3,1,0.46216851472854614
3,4,3,5299,3,6,0,0.3363751471042633
3,4,3,5300,3,3,1,0.7265082001686096
3,4,3,5301,3,3,1,0.8789987564086914
3,4,3,5302,3,3,1,0.8635272979736328
3,4,3,5303,3,3,1,0.6803857684135437
3,4,3,5304,3,3,1,0.8484061360359192
3,4,3,5305,3,3,1,0.6972858905792236
3,4,3,5306,3,0,0,0.4216773808002472
3,4,3,5307,3,0,0,0.5094664692878723
3,4,3,5308,3,2,0,0.19504068791866302
3,4,4,5309,3,6,0,0.2663809359073639
3,4,4,5310,3,3,1,0.8932506442070007
3,4,4,5311,3,3,1,0.6359816193580627
3,4,4,5312,3,3,1,0.7679209113121033
3,4,4,5313,3,3,1,0.6469395756721497
3,4,4,5314,3,3,1,0.4108406603336334
3,4,4,5315,3,3,1,0.5901120901107788
3,4,4,5316,3,0,0,0.2438344657421112
3,4,4,5317,3,0,0,0.3658955991268158
3,4,5,5318,3,3,1,0.8892285823822021
3,4,5,5319,3,3,1,0.8975968360900879
3,4,5,5320,3,3,1,0.8091080188751221
3,4,5,5321,3,3,1,0.7784389853477478
3,4,5,5322,3,3,1,0.5210348963737488
3,4,5,5323,3,3,1,0.6778445839881897
3,4,5,5324,3,0,0,0.278188019990921
3,4,6,5325,3,8,0,0.15904121100902557
3,4,6,5326,3,3,1,0.6685631275177002
3,4,6,5327,3,3,1,0.7346082925796509
3,4,6,5328,3,3,1,0.7839333415031433
3,4,6,5329,3,3,1,0.6801888346672058
3,4,6,5330,3,3,1,0.6132698059082031
3,4,6,5331,3,3,1,0.4765748083591461
3,4,6,5332,3,3,1,0.7996584177017212
3,4,6,5333,3,3,1,0.9016789793968201
3,4,6,5334,3,3,1,0.4421173334121704
3,4,6,5335,3,0,0,0.3872694969177246
3,5,1,5336,4,6,0,0.43271613121032715
3,5,1,5337,4,4,1,0.40042102336883545
3,5,1,5338,4,4,1,0.9677599668502808
3,5,1,5339,4,4,1,0.8784583806991577
3,5,1,5340,4,4,1,0.6024938225746155
3,5,1,5341,4,4,1,0.49103546142578125
3,5,2,5342,4,2,0,0.2661307752132416
3,5,2,5343,4,4,1,0.5367564558982849
3,5,2,5344,4,4,1,0.47635573148727417
3,5,2,5345,4,4,1,0.5327300429344177
3,5,2,5346,4,4,1,0.9558637738227844
3,5,2,5347,4,4,1,0.6200120449066162
3,5,2,5348,4,4,1,0.7695759534835815
3,5,2,5349,4,4,1,0.9176124930381775
3,5,2,5350,4,4,1,0.5383263826370239
3,5,2,5351,4,4,1,0.3871690034866333
3,5,2,5352,4,2,0,0.30654242634773254
3,5,2,5353,4,4,1,0.3123247027397156
3,5,2,5354,4,2,0,0.28478407859802246
3,5,2,5355,4,2,0,0.2371199131011963
3,5,3,5356,4,4,1,0.4028313457965851
3,5,3,5357,4,4,1,0.657597005367279
3,5,3,5358,4,4,1,0.5447601079940796
3,5,3,5359,4,4,1,0.6509943604469299
3,5,3,5360,4,4,1,0.9509521126747131
3,5,3,5361,4,4,1,0.9498625993728638
3,5,3,5362,4,4,1,0.9588224291801453
3,5,3,5363,4,4,1,0.9053195714950562
3,5,3,5364,4,4,1,0.7993266582489014
3,5,3,5365,4,4,1,0.5113738775253296
3,5,3,5366,4,4,1,0.48760855197906494
3,5,3,5367,4,4,1,0.6222459673881531
3,5,3,5368,4,4,1,0.7580491304397583
3,5,3,5369,4,6,0,0.24002251029014587
3,5,3,5370,4,6,0,0.25503626465797424
3,5,3,5371,4,9,0,0.2108711153268814
3,5,4,5372,4,4,1,0.7276510000228882
3,5,4,5373,4,4,1,0.9808939695358276
3,5,4,5374,4,4,1,0.8848743438720703
3,5,4,5375,4,4,1,0.8425706624984741
3,5,4,5376,4,4,1,0.7607741951942444
3,5,4,5377,4,4,1,0.5410473942756653
3,5,4,5378,4,9,0,0.16856397688388824
3,5,4,5379,4,2,0,0.21607518196105957
3,5,5,5380,4,4,1,0.48800715804100037
3,5,5,5381,4,4,1,0.9087251424789429
3,5,5,5382,4,4,1,0.9147636890411377
3,5,5,5383,4,4,1,0.9015334248542786
3,5,5,5384,4,4,1,0.8881464600563049
3,5,5,5385,4,4,1,0.959363579750061
3,5,5,5386,4,4,1,0.927455723285675
3,5,5,5387,4,3,0,0.5922092199325562
3,5,5,5388,4,4,1,0.5952244400978088
3,5,5,5389,4,4,1,0.8173498511314392
3,5,5,5390,4,4,1,0.6736794710159302
3,5,5,5391,4,4,1,0.7429859042167664
3,5,5,5392,4,4,1,0.5476101636886597
3,5,5,5393,4,4,1,0.4306015372276306
3,5,5,5394,4,2,0,0.26136288046836853
3,5,5,5395,4,6,0,0.17404216527938843
3,5,5,5396,4,4,1,0.22477084398269653
3,5,5,5397,4,4,1,0.3742974102497101
3,5,6,5398,4,4,1,0.47365686297416687
3,5,6,5399,4,4,1,0.4740807116031647
3,5,6,5400,4,4,1,0.897019624710083
3,5,6,5401,4,4,1,0.9000126123428345
3,5,6,5402,4,4,1,0.9493788480758667
3,5,6,5403,4,4,1,0.9797041416168213
3,5,6,5404,4,4,1,0.8224349021911621
3,5,6,5405,4,2,0,0.379733681678772
3,5,6,5406,4,2,0,0.40587517619132996
3,5,6,5407,4,2,0,0.3448233902454376
3,5,6,5408,4,4,1,0.27975010871887207
3,5,6,5409,4,4,1,0.3261794149875641
3,5,6,5410,4,2,0,0.35948213934898376
3,5,6,5411,4,4,1,0.319452166557312
3,5,6,5412,4,4,1,0.29041075706481934
3,5,6,5413,4,4,1,0.4111756384372711
3,5,6,5414,4,2,0,0.46555957198143005
3,5,6,5415,4,2,0,0.5367175340652466
3,5,6,5416,4,4,1,0.2661839723587036
3,6,1,5417,5,5,1,0.8396927118301392
3,6,1,5418,5,5,1,0.780547559261322
3,6,1,5419,5,5,1,0.6653525829315186
3,6,1,5420,5,7,0,0.22493381798267365
3,6,1,5421,5,5,1,0.7258827686309814
3,6,1,5422,5,5,1,0.9284197092056274
3,6,1,5423,5,5,1,0.35540667176246643
3,6,1,5424,5,5,1,0.40727800130844116
3,6,1,5425,5,5,1,0.37321555614471436
3,6,1,5426,5,2,0,0.18978503346443176
3,6,2,5427,5,4,0,0.44147905707359314
3,6,2,5428,5,5,1,0.2807539701461792
3,6,2,5429,5,5,1,0.7123392820358276
3,6,2,5430,5,7,0,0.6760672926902771
3,6,2,5431,5,5,1,0.4481170177459717
3,6,2,5432,5,5,1,0.45759570598602295
3,6,2,5433,5,9,0,0.36201366782188416
3,6,2,5434,5,6,0,0.22462768852710724
3,6,2,5435,5,4,0,0.32586440443992615
3,6,2,5436,5,4,0,0.2670828700065613
3,6,2,5437,5,2,0,0.3733713924884796
3,6,3,5438,5,7,0,0.3533170819282532
3,6,3,5439,5,5,1,0.30535921454429626
3,6,3,5440,5,7,0,0.30543211102485657
3,6,3,5441,5,7,0,0.5717709064483643
3,6,3,5442,5,5,1,0.3033415675163269
3,6,3,5443,5,5,1,0.7764195799827576
3,6,3,5444,5,5,1,0.38883599638938904
3,6,3,5445,5,2,0,0.20100060105323792
3,6,3,5446,5,9,0,0.18755896389484406
3,6,4,5447,5,5,1,0.5597885847091675
3,6,4,5448,5,5,1,0.8290730714797974
3,6,4,5449,5,5,1,0.7007274031639099
3,6,4,5450,5,7,0,0.4396975636482239
3,6,4,5451,5,5,1,0.6405371427536011
3,6,4,5452,5,5,1,0.7814500331878662
3,6,4,5453,5,5,1,0.6909007430076599
3,6,4,5454,5,7,0,0.2719001770019531
3,6,4,5455,5,9,0,0.3055444657802582
3,6,4,5456,5,9,0,0.22373653948307037
3,6,4,5457,5,2,0,0.34185680747032166
3,6,4,5458,5,9,0,0.3796120285987854
3,6,4,5459,5,9,0,0.2476193904876709
3,6,5,5460,5,5,1,0.6666476726531982
3,6,5,5461,5,9,0,0.37341782450675964
3,6,5,5462,5,5,1,0.7741565704345703
3,6,5,5463,5,5,1,0.9085431694984436
3,6,5,5464,5,5,1,0.7590019702911377
3,6,5,5465,5,5,1,0.8011293411254883
3,6,5,5466,5,5,1,0.6980959177017212
3,6,5,5467,5,9,0,0.3123258054256439
3,6,5,5468,5,9,0,0.26731622219085693
3,6,6,5469,5,5,1,0.24679763615131378
3,6,6,5470,5,5,1,0.6771119832992554
3,6,6,5471,5,7,0,0.35052064061164856
3,6,6,5472,5,7,0,0.33032578229904175
3,6,6,5473,5,5,1,0.6235836148262024
3,6,6,5474,5,5,1,0.7707346677780151
3,6,6,5475,5,5,1,0.5324930548667908
3,6,6,5476,5,5,1,0.5166114568710327
3,6,6,5477,5,9,0,0.5936647653579712
3,6,6,5478,5,9,0,0.33525219559669495
3,6,6,5479,5,2,0,0.30004850029945374
3,7,1,5480,6,6,1,0.5773435235023499
3,7,1,5481,6,6,1,0.653007447719574
3,7,1,5482,6,6,1,0.5160333514213562
3,7,1,5483,6,6,1,0.3520868420600891
3,7,1,5484,6,6,1,0.5294720530509949
3,7,1,5485,6,6,1,0.7474652528762817
3,7,1,5486,6,6,1,0.763170063495636
3,7,1,5487,6,6,1,0.5516589879989624
3,7,1,5488,6,6,1,0.40983468294143677
3,7,1,5489,6,6,1,0.49293115735054016
3,7,1,5490,6,6,1,0.41513174772262573
3,7,1,5491,6,6,1,0.33586201071739197
3,7,1,5492,6,5,0,0.36989206075668335
3,7,1,5493,6,6,1,0.617154598236084
3,7,2,5494,6,6,1,0.3658071756362915
3,7,2,5495,6,6,1,0.6142305731773376
3,7,2,5496,6,6,1,0.593361496925354
3,7,2,5497,6,6,1,0.3964322805404663
3,7,2,5498,6,5,0,0.4629388153553009
3,7,2,5499,6,5,0,0.2766403257846832
3,7,2,5500,6,9,0,0.3193339705467224
3,7,2,5501,6,6,1,0.25392448902130127
3,7,2,5502,6,6,1,0.347670316696167
3,7,2,5503,6,6,1,0.5766522884368896
3,7,2,5504,6,6,1,0.5138231515884399
3,7,3,5505,6,6,1,0.4739917814731598
3,7,3,5506,6,6,1,0.44037285447120667
3,7,3,5507,6,6,1,0.8085220456123352
3,7,3,5508,6,0,0,0.2424483746290207
3,7,3,5509,6,6,1,0.26749640703201294
3,7,3,5510,6,2,0,0.36801525950431824
3,7,3,5511,6,6,1,0.31096234917640686
3,7,4,5512,6,6,1,0.7096841335296631
3,7,4,5513,6,6,1,0.6043738126754761
3,7,4,5514,6,6,1,0.5853766798973083
3,7,4,5515,6,6,1,0.6581365466117859
3,7,4,5516,6,6,1,0.5479007363319397
3,7,4,5517,6,6,1,0.6481079459190369
3,7,4,5518,6,6,1,0.6365683674812317
3,7,4,5519,6,6,1,0.6195454597473145
3,7,4,5520,6,6,1,0.705984890460968
3,7,4,5521,6,6,1,0.6391241550445557
3,7,4,5522,6,6,1,0.6944990158081055
3,7,4,5523,6,6,1,0.754725992679596
3,7,4,5524,6,6,1,0.5200573801994324
3,7,4,5525,6,6,1,0.5419291257858276
3,7,4,5526,6,6,1,0.4174197316169739
3,7,4,5527,6,6,1,0.4862160086631775
3,7,4,5528,6,6,1,0.590645968914032
3,7,4,5529,6,6,1,0.6021333336830139
3,7,4,5530,6,6,1,0.4275476634502411
3,7,4,5531,6,6,1,0.5922516584396362
3,7,4,5532,6,6,1,0.3793087899684906
3,7,4,5533,6,6,1,0.6890552043914795
3,7,4,5534,6,6,1,0.6532308459281921
3,7,5,5535,6,6,1,0.5344462394714355
3,7,5,5536,6,6,1,0.28701654076576233
3,7,5,5537,6,9,0,0.33900171518325806
3,7,5,5538,6,6,1,0.545310378074646
3,7,5,5539,6,6,1,0.4624675512313843
3,7,5,5540,6,6,1,0.4798007011413574
3,7,5,5541,6,6,1,0.4451436698436737
3,7,5,5542,6,6,1,0.2618609070777893
3,7,5,5543,6,6,1,0.28940606117248535
3,7,5,5544,6,6,1,0.2673919200897217
3,7,5,5545,6,9,0,0.1816369593143463
3,7,6,5546,6,6,1,0.29811611771583557
3,7,6,5547,6,6,1,0.2538878917694092
3,7,6,5548,6,6,1,0.22499115765094757
3,7,6,5549,6,6,1,0.24996942281723022
3,7,6,5550,6,6,1,0.5636717677116394
3,7,6,5551,6,6,1,0.7068279981613159
3,7,6,5552,6,6,1,0.38193279504776
3,7,6,5553,6,6,1,0.6119086146354675
3,7,6,5554,6,9,0,0.3359171748161316
3,7,6,5555,6,6,1,0.503856360912323
3,7,6,5556,6,6,1,0.3213540315628052
3,7,6,5557,6,0,0,0.19241032004356384
3,7,6,5558,6,0,0,0.1378067582845688
3,7,6,5559,6,6,1,0.19554764032363892
3,8,1,5560,7,7,1,0.4374549388885498
3,8,1,5561,7,7,1,0.866962730884552
3,8,1,5562,7,7,1,0.6224997043609619
3,8,1,5563,7,7,1,0.5359901189804077
3,8,1,5564,7,7,1,0.6408097147941589
3,8,1,5565,7,7,1,0.3176429271697998
3,8,1,5566,7,7,1,0.8985833525657654
3,8,1,5567,7,7,1,0.565966010093689
3,8,1,5568,7,6,0,0.19430600106716156
3,8,2,5569,7,6,0,0.5760089755058289
3,8,2,5570,7,7,1,0.847559928894043
3,8,2,5571,7,7,1,0.7118590474128723
3,8,2,5572,7,6,0,0.6876872777938843
3,8,2,5573,7,6,0,0.5620782971382141
3,8,3,5574,7,7,1,0.8454501628875732
3,8,3,5575,7,7,1,0.8382998108863831
3,8,3,5576,7,7,1,0.9687974452972412
3,8,3,5577,7,7,1,0.9069483876228333
3,8,3,5578,7,6,0,0.5210705995559692
3,8,3,5579,7,6,0,0.37665268778800964
3,8,4,5580,7,7,1,0.28865569829940796
3,8,4,5581,7,7,1,0.7030379772186279
3,8,4,5582,7,7,1,0.9444453716278076
3,8,4,5583,7,7,1,0.9439336657524109
3,8,4,5584,7,7,1,0.699560284614563
3,8,4,5585,7,7,1,0.7844425439834595
3,8,4,5586,7,7,1,0.884391188621521
3,8,4,5587,7,7,1,0.9877508878707886
3,8,4,5588,7,7,1,0.8945574760437012
3,8,4,5589,7,7,1,0.9878537654876709
3,8,4,5590,7,7,1,0.37971022725105286
3,8,4,5591,7,6,0,0.3438282907009125
3,8,4,5592,7,6,0,0.20417025685310364
3,8,5,5593,7,7,1,0.48790618777275085
3,8,5,5594,7,7,1,0.8608185648918152
3,8,5,5595,7,7,1,0.9458140134811401
3,8,5,5596,7,7,1,0.8808497786521912
3,8,5,5597,7,7,1,0.9125732779502869
3,8,5,5598,7,8,0,0.3919773995876312
3,8,5,5599,7,8,0,0.26004424691200256
3,8,6,5600,7,6,0,0.3690030574798584
3,8,6,5601,7,7,1,0.9091296792030334
3,8,6,5602,7,7,1,0.9485523700714111
3,8,6,5603,7,7,1,0.5705175995826721
3,8,6,5604,7,7,1,0.9436196684837341
3,8,6,5605,7,7,1,0.5511102080345154
3,8,6,5606,7,8,0,0.3352699875831604
3,9,1,5607,8,8,1,0.4487653374671936
3,9,1,5608,8,8,1,0.7312424182891846
3,9,1,5609,8,8,1,0.8846946954727173
3,9,1,5610,8,8,1,0.8413571715354919
3,9,1,5611,8,8,1,0.5690232515335083
3,9,1,5612,8,8,1,0.9335795640945435
3,9,1,5613,8,8,1,0.8939021229743958
3,9,1,5614,8,8,1,0.9146190881729126
3,9,1,5615,8,8,1,0.9327703714370728
3,9,1,5616,8,8,1,0.9032042622566223
3,9,1,5617,8,8,1,0.9418461918830872
3,9,1,5618,8,8,1,0.8810837268829346
3,9,1,5619,8,8,1,0.4892434775829315
3,9,1,5620,8,8,1,0.5247616767883301
3,9,1,5621,8,8,1,0.7786725759506226
3,9,1,5622,8,8,1,0.4771489202976227
3,9,1,5623,8,9,0,0.4581151008605957
3,9,1,5624,8,9,0,0.5094475150108337
3,9,2,5625,8,8,1,0.42805930972099304
3,9,2,5626,8,8,1,0.6631978154182434
3,9,2,5627,8,9,0,0.5074347257614136
3,9,2,5628,8,8,1,0.6171747446060181
3,9,2,5629,8,9,0,0.5345813035964966
3,9,2,5630,8,8,1,0.5750981569290161
3,9,2,5631,8,8,1,0.8884432911872864
3,9,2,5632,8,8,1,0.9145039916038513
3,9,2,5633,8,8,1,0.9498127102851868
3,9,3,5634,8,8,1,0.2511792778968811
3,9,3,5635,8,9,0,0.4459253251552582
3,9,3,5636,8,8,1,0.613509476184845
3,9,3,5637,8,8,1,0.7125789523124695
3,9,3,5638,8,8,1,0.9592759013175964
3,9,3,5639,8,8,1,0.8297519683837891
3,9,3,5640,8,8,1,0.9341453313827515
3,9,3,5641,8,8,1,0.8937562704086304
3,9,3,5642,8,8,1,0.9495306015014648
3,9,3,5643,8,8,1,0.9329094290733337
3,9,3,5644,8,8,1,0.8868520259857178
3,9,3,5645,8,9,0,0.47147268056869507
3,9,3,5646,8,9,0,0.26256585121154785
3,9,3,5647,8,8,1,0.2770508825778961
3,9,4,5648,8,9,0,0.44832801818847656
3,9,4,5649,8,8,1,0.5084452629089355
3,9,4,5650,8,9,0,0.46250802278518677
3,9,4,5651,8,8,1,0.3686971664428711
3,9,4,5652,8,8,1,0.6942497491836548
3,9,4,5653,8,8,1,0.9362974166870117
3,9,4,5654,8,8,1,0.9091827273368835
3,9,4,5655,8,8,1,0.455817848443985
3,9,4,5656,8,8,1,0.670137345790863
3,9,4,5657,8,8,1,0.844009518623352
3,9,4,5658,8,8,1,0.599059522151947
3,9,4,5659,8,8,1,0.7750420570373535
3,9,4,5660,8,8,1,0.747909665107727
3,9,4,5661,8,8,1,0.7841969132423401
3,9,4,5662,8,5,0,0.30335211753845215
3,9,4,5663,8,9,0,0.3593754172325134
3,9,4,5664,8,9,0,0.45481595396995544
3,9,5,5665,8,8,1,0.5914003849029541
3,9,5,5666,8,8,1,0.6754778623580933
3,9,5,5667,8,8,1,0.7765671610832214
3,9,5,5668,8,8,1,0.7883849143981934
3,9,5,5669,8,8,1,0.8262759447097778
3,9,5,5670,8,8,1,0.7613123655319214
3,9,5,5671,8,8,1,0.8171098828315735
3,9,5,5672,8,9,0,0.5405365824699402
3,9,5,5673,8,8,1,0.4757656157016754
3,9,5,5674,8,8,1,0.22986727952957153
3,9,5,5675,8,6,0,0.44652852416038513
3,9,6,5676,8,9,0,0.5072940587997437
3,9,6,5677,8,9,0,0.5195150375366211
3,9,6,5678,8,8,1,0.49543696641921997
3,9,6,5679,8,8,1,0.9294403195381165
3,9,6,5680,8,8,1,0.6664320230484009
3,9,6,5681,8,8,1,0.4571116268634796
3,9,6,5682,8,8,1,0.7108675241470337
3,9,6,5683,8,8,1,0.7726334929466248
3,9,6,5684,8,8,1,0.4527425169944763
3,9,6,5685,8,9,0,0.4189518690109253
3,9,6,5686,8,9,0,0.5214894413948059
3,9,6,5687,8,9,0,0.4191509485244751
3,9,6,5688,8,8,1,0.44886326789855957
3,10,1,5689,9,4,0,0.2434753179550171
3,10,1,5690,9,9,1,0.2698732912540436
3,10,1,5691,9,9,1,0.8196065425872803
3,10,1,5692,9,9,1,0.6794569492340088
3,10,1,5693,9,9,1,0.635997474193573
3,10,1,5694,9,9,1,0.6556505560874939
3,10,1,5695,9,9,1,0.5858833193778992
3,10,1,5696,9,9,1,0.5588276386260986
3,10,1,5697,9,9,1,0.6567549705505371
3,10,1,5698,9,9,1,0.5876618027687073
3,10,1,5699,9,9,1,0.6115553379058838
3,10,1,5700,9,9,1,0.3803926110267639
3,10,1,5701,9,4,0,0.2413022369146347
3,10,2,5702,9,8,0,0.4534762501716614
3,10,2,5703,9,8,0,0.6719555854797363
3,10,2,5704,9,8,0,0.502109169960022
3,10,2,5705,9,9,1,0.621666431427002
3,10,2,5706,9,9,1,0.6358299851417542
3,10,2,5707,9,9,1,0.6033725738525391
3,10,2,5708,9,9,1,0.794491708278656
3,10,2,5709,9,9,1,0.7473280429840088
3,10,2,5710,9,9,1,0.6320388317108154
3,10,2,5711,9,9,1,0.5031136870384216
3,10,2,5712,9,8,0,0.2783719301223755
3,10,3,5713,9,9,1,0.467952162027359
3,10,3,5714,9,9,1,0.46703702211380005
3,10,3,5715,9,9,1,0.6781982183456421
3,10,3,5716,9,9,1,0.7404980063438416
3,10,3,5717,9,9,1,0.6764022707939148
3,10,3,5718,9,9,1,0.7151890397071838
3,10,3,5719,9,9,1,0.6533552408218384
3,10,3,5720,9,9,1,0.6003478169441223
3,10,3,5721,9,9,1,0.5748577117919922
3,10,4,5722,9,0,0,0.203254833817482
3,10,4,5723,9,8,0,0.42367780208587646
3,10,4,5724,9,9,1,0.2729879915714264
3,10,4,5725,9,9,1,0.46490415930747986
3,10,4,5726,9,9,1,0.5070379972457886
3,10,4,5727,9,9,1,0.8085522055625916
3,10,4,5728,9,9,1,0.6720333099365234
3,10,4,5729,9,9,1,0.8316939473152161
3,10,4,5730,9,9,1,0.591194212436676
3,10,4,5731,9,9,1,0.4804961681365967
3,10,4,5732,9,9,1,0.6549156904220581
3,10,4,5733,9,9,1,0.5244140625
3,10,4,5734,9,9,1,0.4766629934310913
3,10,4,5735,9,9,1,0.689741849899292
3,10,4,5736,9,0,0,0.28037020564079285
3,10,4,5737,9,8,0,0.27597156167030334
3,10,4,5738,9,0,0,0.321544885635376
3,10,5,5739,9,9,1,0.4760289490222931
3,10,5,5740,9,9,1,0.558488130569458
3,10,5,5741,9,9,1,0.574821412563324
3,10,5,5742,9,9,1,0.6095471978187561
3,10,5,5743,9,9,1,0.36778146028518677
3,10,5,5744,9,9,1,0.607722818851471
3,10,5,5745,9,9,1,0.5542664527893066
3,10,5,5746,9,9,1,0.5853897333145142
3,10,5,5747,9,9,1,0.5995797514915466
3,10,5,5748,9,9,1,0.44332265853881836
3,10,6,5749,9,9,1,0.5747978687286377
3,10,6,5750,9,9,1,0.7389758229255676
3,10,6,5751,9,9,1,0.7364746332168579
3,10,6,5752,9,9,1,0.5515800714492798
3,10,6,5753,9,9,1,0.5367112755775452
3,10,6,5754,9,9,1,0.6432743668556213
3,10,6,5755,9,9,1,0.40791916847229004
3,1,1,5756,0,8,0,0.22174429893493652
3,1,1,5757,0,0,1,0.28433293104171753
3,1,1,5758,0,0,1,0.3479408621788025
3,1,1,5759,0,0,1,0.21191826462745667
3,1,1,5760,0,0,1,0.2347141057252884
3,1,1,5761,0,6,0,0.23990605771541595
3,1,1,5762,0,6,0,0.2511741816997528
3,1,1,5763,0,7,0,0.22872291505336761
3,1,1,5764,0,1,0,0.27004989981651306
3,1,1,5765,0,1,0,0.25063884258270264
3,1,1,5766,0,6,0,0.2616214454174042
3,1,1,5767,0,8,0,0.2529987692832947
3,1,1,5768,0,2,0,0.4856559932231903
3,1,1,5769,0,2,0,0.44703981280326843
3,1,1,5770,0,2,0,0.2459786832332611
3,1,1,5771,0,8,0,0.2867130935192108
3,1,1,5772,0,0,1,0.23593644797801971
3,1,1,5773,0,2,0,0.2330804169178009
3,1,1,5774,0,6,0,0.23218417167663574
3,1,1,5775,0,0,1,0.3441021740436554
3,1,1,5776,0,2,0,0.38454028964042664
3,1,1,5777,0,1,0,0.5029851794242859
3,1,1,5778,0,0,1,0.3173747956752777
3,1,1,5779,0,7,0,0.27669814229011536
3,1,1,5780,0,2,0,0.20217718183994293
3,1,1,5781,0,6,0,0.24474987387657166
3,1,2,5782,0,0,1,0.3900066912174225
3,1,2,5783,0,0,1,0.47933730483055115
3,1,2,5784,0,0,1,0.4308772683143616
3,1,2,5785,0,0,1,0.6950045228004456
3,1,2,5786,0,0,1,0.40611937642097473
3,1,2,5787,0,0,1,0.6845501065254211
3,1,2,5788,0,0,1,0.9425560832023621
3,1,2,5789,0,0,1,0.9062277674674988
3,1,2,5790,0,0,1,0.5011932253837585
3,1,2,5791,0,0,1,0.560673713684082
3,1,2,5792,0,0,1,0.3168739676475525
3,1,3,5793,0,0,1,0.39724376797676086
3,1,3,5794,0,0,1,0.37257224321365356
3,1,3,5795,0,0,1,0.3757304549217224
3,1,3,5796,0,0,1,0.3387196362018585
3,1,3,5797,0,0,1,0.8672747015953064
3,1,3,5798,0,0,1,0.8252899050712585
3,1,3,5799,0,0,1,0.7443758249282837
3,1,3,5800,0,0,1,0.6528780460357666
3,1,3,5801,0,0,1,0.8323761820793152
3,1,3,5802,0,0,1,0.7684916853904724
3,1,3,5803,0,0,1,0.7013047933578491
3,1,3,5804,0,0,1,0.5437716245651245
3,1,3,5805,0,7,0,0.4057701826095581
3,1,3,5806,0,0,1,0.22431573271751404
3,1,4,5807,0,0,1,0.255704402923584
3,1,4,5808,0,7,0,0.3757264316082001
3,1,4,5809,0,0,1,0.3815009891986847
3,1,4,5810,0,9,0,0.4383624494075775
3,1,4,5811,0,9,0,0.4003755748271942
3,1,4,5812,0,0,1,0.37300676107406616
3,1,4,5813,0,0,1,0.7989478707313538
3,1,4,5814,0,0,1,0.8119388818740845
3,1,4,5815,0,0,1,0.8952928185462952
3,1,4,5816,0,0,1,0.5821091532707214
3,1,4,5817,0,9,0,0.2892778813838959
3,1,4,5818,0,0,1,0.33804208040237427
3,1,4,5819,0,9,0,0.2115849405527115
3,1,5,5820,0,7,0,0.2464868426322937
3,1,5,5821,0,8,0,0.21470268070697784
3,1,5,5822,0,0,1,0.5091131925582886
3,1,5,5823,0,9,0,0.5243913531303406
3,1,5,5824,0,9,0,0.391487717628479
3,1,5,5825,0,0,1,0.579109251499176
3,1,5,5826,0,0,1,0.28084689378738403
3,1,5,5827,0,3,0,0.35156357288360596
3,1,6,5828,0,7,0,0.2658911347389221
3,1,6,5829,0,7,0,0.28645095229148865
3,1,6,5830,0,0,1,0.43119388818740845
3,1,6,5831,0,0,1,0.7354729175567627
3,1,6,5832,0,0,1,0.6776247024536133
3,1,6,5833,0,0,1,0.7264165878295898
3,1,6,5834,0,0,1,0.7249605059623718
3,1,6,5835,0,0,1,0.6543285250663757
3,1,6,5836,0,0,1,0.49780502915382385
3,1,6,5837,0,0,1,0.6204902529716492
3,1,6,5838,0,0,1,0.2891837954521179
3,1,6,5839,0,0,1,0.41598910093307495
3,2,1,5840,1,4,0,0.5854026675224304
3,2,1,5841,1,1,1,0.8556338548660278
3,2,1,5842,1,1,1,0.9423189163208008
3,2,1,5843,1,1,1,0.6349635124206543
3,2,1,5844,1,1,1,0.2184123545885086
3,2,1,5845,1,8,0,0.22736844420433044
3,2,2,5846,1,1,1,0.710106372833252
3,2,2,5847,1,1,1,0.6650294661521912
3,2,2,5848,1,1,1,0.8650898933410645
3,2,2,5849,1,1,1,0.8661935329437256
3,2,2,5850,1,1,1,0.8257699608802795
3,2,2,5851,1,1,1,0.9630289077758789
3,2,2,5852,1,1,1,0.9220826029777527
3,2,2,5853,1,1,1,0.5228898525238037
3,2,2,5854,1,1,1,0.8352014422416687
3,2,2,5855,1,1,1,0.7797583341598511
3,2,3,5856,1,1,1,0.4796707034111023
3,2,3,5857,1,4,0,0.4557220935821533
3,2,3,5858,1,1,1,0.776641845703125
3,2,3,5859,1,1,1,0.6816799640655518
3,2,3,5860,1,1,1,0.7322598099708557
3,2,3,5861,1,1,1,0.8897520303726196
3,2,3,5862,1,1,1,0.8875173330307007
3,2,3,5863,1,1,1,0.7354419231414795
3,2,3,5864,1,1,1,0.8046702146530151
3,2,3,5865,1,1,1,0.8799558877944946
3,2,3,5866,1,1,1,0.8993212580680847
3,2,3,5867,1,1,1,0.20075736939907074
3,2,3,5868,1,7,0,0.20686060190200806
3,2,4,5869,1,4,0,0.6353904008865356
3,2,4,5870,1,4,0,0.46016573905944824
3,2,4,5871,1,4,0,0.47368693351745605
3,2,4,5872,1,4,0,0.48241692781448364
3,2,4,5873,1,1,1,0.7111510634422302
3,2,4,5874,1,1,1,0.47132226824760437
3,2,4,5875,1,1,1,0.5810406804084778
3,2,4,5876,1,1,1,0.5637339949607849
3,2,4,5877,1,1,1,0.8099448084831238
3,2,4,5878,1,1,1,0.6746805310249329
3,2,4,5879,1,1,1,0.6225136518478394
3,2,4,5880,1,1,1,0.42107969522476196
3,2,4,5881,1,1,1,0.31092527508735657
3,2,5,5882,1,1,1,0.38130927085876465
3,2,5,5883,1,1,1,0.4045807421207428
3,2,5,5884,1,1,1,0.48459887504577637
3,2,5,5885,1,1,1,0.8010231852531433
3,2,5,5886,1,0,0,0.5205065608024597
3,2,5,5887,1,1,1,0.7055374979972839
3,2,5,5888,1,1,1,0.5495167970657349
3,2,5,5889,1,1,1,0.6271830797195435
3,2,5,5890,1,1,1,0.6769661903381348
3,2,6,5891,1,4,0,0.6195588111877441
3,2,6,5892,1,2,0,0.38180598616600037
3,2,6,5893,1,1,1,0.4867568612098694
3,2,6,5894,1,1,1,0.3915020525455475
3,2,6,5895,1,1,1,0.8460170030593872
3,2,6,5896,1,1,1,0.7461670637130737
3,2,6,5897,1,1,1,0.7731649279594421
3,2,6,5898,1,4,0,0.3392096757888794
3,3,1,5899,2,4,0,0.2899331748485565
3,3,1,5900,2,2,1,0.7059496641159058
3,3,1,5901,2,1,0,0.5934054851531982
3,3,1,5902,2,2,1,0.5982925891876221
3,3,1,5903,2,2,1,0.6003888845443726
3,3,1,5904,2,1,0,0.6973253488540649
3,3,1,5905,2,1,0,0.5823390483856201
3,3,1,5906,2,1,0,0.479281485080719
3,3,1,5907,2,1,0,0.5742374062538147
3,3,1,5908,2,2,1,0.7187737822532654
3,3,1,5909,2,2,1,0.8236822485923767
3,3,1,5910,2,1,0,0.6065739989280701
3,3,1,5911,2,1,0,0.48448216915130615
3,3,2,5912,2,2,1,0.8940839171409607
3,3,2,5913,2,1,0,0.6667502522468567
3,3,2,5914,2,1,0,0.5422135591506958
3,3,2,5915,2,1,0,0.5479908585548401
3,3,2,5916,2,1,0,0.6067538261413574
3,3,2,5917,2,1,0,0.5862142443656921
3,3,2,5918,2,2,1,0.8297489881515503
3,3,2,5919,2,2,1,0.42429018020629883
3,3,2,5920,2,2,1,0.48601752519607544
3,3,2,5921,2,2,1,0.6554194688796997
3,3,2,5922,2,1,0,0.36726200580596924
3,3,2,5923,2,2,1,0.7774640917778015
3,3,2,5924,2,2,1,0.7742354869842529
3,3,2,5925,2,2,1,0.700659990310669
3,3,2,5926,2,2,1,0.7800931930541992
3,3,2,5927,2,1,0,0.3290157914161682
3,3,2,5928,2,5,0,0.27528461813926697
3,3,2,5929,2,6,0,0.28290581703186035
3,3,2,5930,2,6,0,0.2662123739719391
3,3,3,5931,2,4,0,0.4001542627811432
3,3,3,5932,2,2,1,0.722545325756073
3,3,3,5933,2,2,1,0.33398330211639404
3,3,3,5934,2,2,1,0.7213610410690308
3,3,3,5935,2,2,1,0.7019637227058411
3,3,3,5936,2,2,1,0.9336422085762024
3,3,3,5937,2,1,0,0.6982331275939941
3,3,3,5938,2,1,0,0.5602654218673706
3,3,3,5939,2,2,1,0.6560133695602417
3,3,3,5940,2,2,1,0.737481415271759
3,3,3,5941,2,2,1,0.6991470456123352
3,3,3,5942,2,2,1,0.8331727385520935
3,3,3,5943,2,2,1,0.8438527584075928
3,3,3,5944,2,2,1,0.5879796743392944
3,3,3,5945,2,1,0,0.2043750286102295
3,3,4,5946,2,4,0,0.5498771667480469
3,3,4,5947,2,2,1,0.7969732284545898
3,3,4,5948,2,2,1,0.6758072376251221
3,3,4,5949,2,2,1,0.7901406288146973
3,3,4,5950,2,2,1,0.7766302824020386
3,3,4,5951,2,2,1,0.8015136122703552
3,3,4,5952,2,2,1,0.7912054657936096
3,3,4,5953,2,2,1,0.7835333943367004
3,3,4,5954,2,2,1,0.362262487411499
3,3,4,5955,2,6,0,0.3156950771808624
3,3,5,5956,2,1,0,0.4617673456668854
3,3,5,5957,2,2,1,0.4995802640914917
3,3,5,5958,2,2,1,0.46087515354156494
3,3,5,5959,2,2,1,0.5654677152633667
3,3,5,5960,2,2,1,0.8273131847381592
3,3,5,5961,2,2,1,0.822228729724884
3,3,5,5962,2,2,1,0.6497302055358887
3,3,5,5963,2,2,1,0.5912034511566162
3,3,5,5964,2,2,1,0.6721540689468384
3,3,5,5965,2,2,1,0.37142273783683777
3,3,5,5966,2,6,0,0.15585803985595703
3,3,6,5967,2,2,1,0.19946791231632233
3,3,6,5968,2,4,0,0.7750449180603027
3,3,6,5969,2,2,1,0.525137186050415
3,3,6,5970,2,2,1,0.8354603052139282
3,3,6,5971,2,1,0,0.5107995867729187
3,3,6,5972,2,2,1,0.5542123317718506
3,3,6,5973,2,2,1,0.7811357975006104
3,3,6,5974,2,2,1,0.73956298828125
3,3,6,5975,2,2,1,0.808691143989563
3,3,6,5976,2,2,1,0.4110366106033325
3,3,6,5977,2,6,0,0.35440224409103394
3,3,6,5978,2,6,0,0.3067503273487091
3,4,1,5979,3,3,1,0.16706734895706177
3,4,1,5980,3,5,0,0.1877703070640564
3,4,1,5981,3,9,0,0.32851606607437134
3,4,1,5982,3,0,0,0.21818143129348755
3,4,1,5983,3,0,0,0.22911205887794495
3,4,1,5984,3,0,0,0.3053821921348572
3,4,1,5985,3,0,0,0.27692297101020813
3,4,1,5986,3,5,0,0.20651905238628387
3,4,1,5987,3,3,1,0.37813782691955566
3,4,1,5988,3,3,1,0.3419342637062073
3,4,1,5989,3,1,0,0.45723584294319153
3,4,1,5990,3,3,1,0.39424067735671997
3,4,1,5991,3,3,1,0.35278016328811646
3,4,1,5992,3,0,0,0.3701006770133972
3,4,1,5993,3,3,1,0.5387885570526123
3,4,1,5994,3,3,1,0.2786129415035248
3,4,1,5995,3,7,0,0.17322801053524017
3,4,1,5996,3,9,0,0.1823195070028305
3,4,2,5997,3,6,0,0.28234171867370605
3,4,2,5998,3,5,0,0.28127986192703247
3,4,2,5999,3,0,0,0.4019736051559448
3,4,2,6000,3,0,0,0.3308790922164917
3,4,2,6001,3,3,1,0.5676187872886658
3,4,2,6002,3,0,0,0.34064239263534546
3,4,2,6003,3,0,0,0.3689391314983368
3,4,2,6004,3,5,0,0.3440262973308563
3,4,2,6005,3,3,1,0.5353302359580994
3,4,2,6006,3,3,1,0.6544824242591858
3,4,2,6007,3,3,1,0.7565702199935913
3,4,2,6008,3,3,1,0.7587786912918091
3,4,2,6009,3,3,1,0.34598150849342346
3,4,2,6010,3,8,0,0.5279049873352051
3,4,2,6011,3,8,0,0.26146364212036133
3,4,2,6012,3,8,0,0.3105732500553131
3,4,3,6013,3,8,0,0.21185670793056488
3,4,3,6014,3,3,1,0.3901897966861725
3,4,3,6015,3,3,1,0.5884425640106201
3,4,3,6016,3,3,1,0.4768803119659424
3,4,3,6017,3,8,0,0.2011995166540146
3,4,3,6018,3,3,1,0.8287492394447327
3,4,3,6019,3,3,1,0.6944535970687866
3,4,3,6020,3,3,1,0.6675949692726135
3,4,3,6021,3,3,1,0.44688180088996887
3,4,3,6022,3,3,1,0.26056796312332153
3,4,4,6023,3,6,0,0.19177813827991486
3,4,4,6024,3,3,1,0.4395439624786377
3,4,4,6025,3,1,0,0.36822962760925293
3,4,4,6026,3,3,1,0.4251321852207184
3,4,4,6027,3,3,1,0.6689195036888123
3,4,4,6028,3,3,1,0.7946426868438721
3,4,4,6029,3,3,1,0.5578716397285461
3,4,4,6030,3,3,1,0.3290381133556366
3,4,4,6031,3,3,1,0.3883865177631378
3,4,5,6032,3,0,0,0.28868192434310913
3,4,5,6033,3,0,0,0.3376266658306122
3,4,5,6034,3,3,1,0.4365742802619934
3,4,5,6035,3,3,1,0.3134637475013733
3,4,5,6036,3,1,0,0.3470920920372009
3,4,5,6037,3,1,0,0.6075412631034851
3,4,5,6038,3,3,1,0.36918726563453674
3,4,5,6039,3,3,1,0.4912559390068054
3,4,5,6040,3,3,1,0.5370274186134338
3,4,5,6041,3,3,1,0.7951799631118774
3,4,5,6042,3,3,1,0.7254071831703186
3,4,5,6043,3,8,0,0.49468114972114563
3,4,6,6044,3,8,0,0.25010809302330017
3,4,6,6045,3,8,0,0.18142765760421753
3,4,6,6046,3,6,0,0.5158807635307312
3,4,6,6047,3,3,1,0.3642861843109131
3,4,6,6048,3,1,0,0.40953561663627625
3,4,6,6049,3,3,1,0.49276450276374817
3,4,6,6050,3,3,1,0.35171759128570557
3,4,6,6051,3,3,1,0.6047987937927246
3,4,6,6052,3,3,1,0.48452216386795044
3,4,6,6053,3,3,1,0.7434785962104797
3,4,6,6054,3,3,1,0.41098010540008545
3,4,6,6055,3,3,1,0.4438300132751465
3,4,6,6056,3,3,1,0.6782434582710266
3,4,6,6057,3,3,1,0.3474198281764984
3,4,6,6058,3,3,1,0.6375688910484314
3,4,6,6059,3,3,1,0.5397653579711914
3,4,6,6060,3,8,0,0.38304704427719116
3,4,6,6061,3,8,0,0.40257447957992554
3,5,1,6062,4,8,0,0.18788015842437744
3,5,1,6063,4,6,0,0.36754605174064636
3,5,1,6064,4,4,1,0.43044188618659973
3,5,1,6065,4,4,1,0.2528093457221985
3,5,1,6066,4,4,1,0.3213547170162201
3,5,1,6067,4,4,1,0.579791784286499
3,5,1,6068,4,4,1,0.343728244304657
3,5,1,6069,4,4,1,0.36888572573661804
3,5,1,6070,4,4,1,0.5282009243965149
3,5,1,6071,4,4,1,0.43828269839286804
3,5,1,6072,4,4,1,0.4863273501396179
3,5,1,6073,4,9,0,0.29386094212532043
3,5,1,6074,4,9,0,0.21539558470249176
3,5,2,6075,4,4,1,0.286094069480896
3,5,2,6076,4,6,0,0.23664142191410065
3,5,2,6077,4,4,1,0.27316784858703613
3,5,2,6078,4,4,1,0.6712698340415955
3,5,2,6079,4,4,1,0.43684834241867065
3,5,2,6080,4,4,1,0.3123871684074402
3,5,2,6081,4,8,0,0.4029189348220825
3,5,2,6082,4,9,0,0.21211104094982147
3,5,3,6083,4,2,0,0.34024256467819214
3,5,3,6084,4,4,1,0.24144631624221802
3,5,3,6085,4,4,1,0.5189813375473022
3,5,3,6086,4,4,1,0.4522513151168823
3,5,3,6087,4,4,1,0.6518458127975464
3,5,3,6088,4,4,1,0.7266153693199158
3,5,3,6089,4,4,1,0.36013370752334595
3,5,3,6090,4,4,1,0.2475273311138153
3,5,3,6091,4,9,0,0.4338422119617462
3,5,3,6092,4,9,0,0.4572499990463257
3,5,4,6093,4,9,0,0.30074048042297363
3,5,4,6094,4,8,0,0.22476325929164886
3,5,4,6095,4,9,0,0.44323861598968506
3,5,4,6096,4,9,0,0.23298272490501404
3,5,4,6097,4,9,0,0.24358871579170227
3,5,4,6098,4,9,0,0.3969828486442566
3,5,4,6099,4,9,0,0.25786715745925903
3,5,4,6100,4,4,1,0.46129393577575684
3,5,4,6101,4,4,1,0.5604820251464844
3,5,4,6102,4,9,0,0.5500378608703613
3,5,4,6103,4,9,0,0.31733888387680054
3,5,4,6104,4,9,0,0.4783368706703186
3,5,4,6105,4,9,0,0.24660637974739075
3,5,4,6106,4,9,0,0.3001694679260254
3,5,5,6107,4,9,0,0.25655844807624817
3,5,5,6108,4,9,0,0.3390873074531555
3,5,5,6109,4,9,0,0.4231489598751068
3,5,5,6110,4,9,0,0.35172364115715027
3,5,5,6111,4,9,0,0.3540436923503876
3,5,5,6112,4,9,0,0.2951090931892395
3,5,5,6113,4,9,0,0.3985931873321533
3,5,5,6114,4,8,0,0.26505768299102783
3,5,6,6115,4,6,0,0.35826611518859863
3,5,6,6116,4,1,0,0.21421268582344055
3,5,6,6117,4,4,1,0.3107432723045349
3,5,6,6118,4,4,1,0.5233951807022095
3,5,6,6119,4,4,1,0.4728086590766907
3,5,6,6120,4,4,1,0.37414830923080444
3,5,6,6121,4,9,0,0.29900360107421875
3,5,6,6122,4,4,1,0.38096338510513306
3,5,6,6123,4,9,0,0.5190603733062744
3,5,6,6124,4,9,0,0.4542175233364105
3,5,6,6125,4,9,0,0.22451995313167572
3,6,1,6126,5,9,0,0.4515685439109802
3,6,1,6127,5,9,0,0.417524516582489
3,6,1,6128,5,1,0,0.2611819803714752
3,6,1,6129,5,1,0,0.3030422627925873
3,6,1,6130,5,9,0,0.7844159007072449
3,6,1,6131,5,5,1,0.4704303741455078
3,6,1,6132,5,5,1,0.6847109198570251
3,6,1,6133,5,5,1,0.5365769267082214
3,6,1,6134,5,5,1,0.41880595684051514
3,6,1,6135,5,5,1,0.5828056335449219
3,6,1,6136,5,5,1,0.5775255560874939
3,6,1,6137,5,5,1,0.364137202501297
3,6,1,6138,5,9,0,0.33811014890670776
3,6,1,6139,5,9,0,0.6420618891716003
3,6,1,6140,5,9,0,0.5300591588020325
3,6,2,6141,5,6,0,0.2333526760339737
3,6,2,6142,5,6,0,0.29802221059799194
3,6,2,6143,5,9,0,0.4462195038795471
3,6,2,6144,5,9,0,0.33371540904045105
3,6,2,6145,5,5,1,0.44964924454689026
3,6,2,6146,5,5,1,0.42637068033218384
3,6,2,6147,5,5,1,0.5146453976631165
3,6,2,6148,5,5,1,0.5352859497070312
3,6,2,6149,5,0,0,0.24194735288619995
3,6,2,6150,5,9,0,0.5911256074905396
3,6,2,6151,5,9,0,0.6479536890983582
3,6,2,6152,5,9,0,0.4372977316379547
3,6,2,6153,5,9,0,0.5335202813148499
3,6,3,6154,5,9,0,0.43782418966293335
3,6,3,6155,5,5,1,0.19217698276042938
3,6,3,6156,5,5,1,0.4016868472099304
3,6,3,6157,5,9,0,0.5263276100158691
3,6,3,6158,5,5,1,0.6245318651199341
3,6,3,6159,5,5,1,0.4151448905467987
3,6,3,6160,5,5,1,0.502116858959198
3,6,3,6161,5,5,1,0.41746947169303894
3,6,3,6162,5,5,1,0.47802987694740295
3,6,3,6163,5,5,1,0.6800691485404968
3,6,3,6164,5,5,1,0.4930591583251953
3,6,3,6165,5,5,1,0.5450147986412048
3,6,3,6166,5,9,0,0.6689990162849426
3,6,3,6167,5,0,0,0.40978193283081055
3,6,3,6168,5,9,0,0.3965856432914734
3,6,4,6169,5,9,0,0.6072681546211243
3,6,4,6170,5,9,0,0.2810927629470825
3,6,4,6171,5,9,0,0.2744862139225006
3,6,4,6172,5,5,1,0.4755827486515045
3,6,4,6173,5,5,1,0.6260494589805603
3,6,4,6174,5,5,1,0.5364353656768799
3,6,4,6175,5,9,0,0.4853822588920593
3,6,4,6176,5,9,0,0.5874996185302734
3,6,4,6177,5,9,0,0.8874630928039551
3,6,4,6178,5,9,0,0.6094465851783752
3,6,4,6179,5,9,0,0.4251309931278229
3,6,5,6180,5,9,0,0.3237301707267761
3,6,5,6181,5,8,0,0.18714898824691772
3,6,5,6182,5,6,0,0.3283102512359619
3,6,5,6183,5,9,0,0.39063185453414917
3,6,5,6184,5,9,0,0.32388535141944885
3,6,5,6185,5,9,0,0.41405966877937317
3,6,5,6186,5,5,1,0.5267617702484131
3,6,5,6187,5,5,1,0.6343947052955627
3,6,5,6188,5,5,1,0.4913719594478607
3,6,5,6189,5,5,1,0.6348193287849426
3,6,5,6190,5,5,1,0.595403254032135
3,6,5,6191,5,5,1,0.2847195565700531
3,6,5,6192,5,0,0,0.3061842620372772
3,6,5,6193,5,9,0,0.5278941988945007
3,6,6,6194,5,5,1,0.5110232830047607
3,6,6,6195,5,5,1,0.5558218359947205
3,6,6,6196,5,5,1,0.43702107667922974
3,6,6,6197,5,0,0,0.3690839409828186
3,6,6,6198,5,9,0,0.5024465322494507
3,6,6,6199,5,9,0,0.5124504566192627
3,6,6,6200,5,4,0,0.27467623353004456
3,7,1,6201,6,6,1,0.27468737959861755
3,7,1,6202,6,2,0,0.3930293619632721
3,7,1,6203,6,1,0,0.4581218659877777
3,7,1,6204,6,1,0,0.4695011079311371
3,7,1,6205,6,6,1,0.4700755774974823
3,7,1,6206,6,6,1,0.7888621687889099
3,7,1,6207,6,6,1,0.7841522693634033
3,7,1,6208,6,6,1,0.6877574920654297
3,7,1,6209,6,6,1,0.6177029013633728
3,7,1,6210,6,6,1,0.7151186466217041
3,7,1,6211,6,6,1,0.6527155041694641
3,7,1,6212,6,6,1,0.6094416379928589
3,7,1,6213,6,6,1,0.49372825026512146
3,7,1,6214,6,6,1,0.48796480894088745
3,7,1,6215,6,2,0,0.20659253001213074
3,7,1,6216,6,8,0,0.1952575445175171
3,7,1,6217,6,9,0,0.2841019332408905
3,7,1,6218,6,9,0,0.49586009979248047
3,7,2,6219,6,6,1,0.8901041746139526
3,7,2,6220,6,6,1,0.5330619215965271
3,7,2,6221,6,6,1,0.4250198304653168
3,7,2,6222,6,1,0,0.21949012577533722
3,7,2,6223,6,1,0,0.2863959074020386
3,7,3,6224,6,2,0,0.2644614577293396
3,7,3,6225,6,2,0,0.221481591463089
3,7,3,6226,6,2,0,0.28542131185531616
3,7,3,6227,6,3,0,0.17448407411575317
3,7,3,6228,6,6,1,0.7119970917701721
3,7,3,6229,6,6,1,0.610289454460144
3,7,3,6230,6,6,1,0.678307294845581
3,7,3,6231,6,6,1,0.7329359650611877
3,7,3,6232,6,6,1,0.6317320466041565
3,7,3,6233,6,6,1,0.7799707651138306
3,7,3,6234,6,6,1,0.43669191002845764
3,7,3,6235,6,1,0,0.34111732244491577
3,7,3,6236,6,6,1,0.22778786718845367
3,7,3,6237,6,4,0,0.19651764631271362
3,7,3,6238,6,9,0,0.22355161607265472
3,7,3,6239,6,6,1,0.29630833864212036
3,7,3,6240,6,6,1,0.31102243065834045
3,7,3,6241,6,2,0,0.22282931208610535
3,7,4,6242,6,0,0,0.32615339756011963
3,7,4,6243,6,8,0,0.16076767444610596
3,7,4,6244,6,3,0,0.2380405217409134
3,7,4,6245,6,6,1,0.802575409412384
3,7,4,6246,6,6,1,0.9647571444511414
3,7,4,6247,6,6,1,0.7868618965148926
3,7,4,6248,6,6,1,0.7469938397407532
3,7,4,6249,6,6,1,0.5061909556388855
3,7,4,6250,6,6,1,0.7281454801559448
3,7,4,6251,6,1,0,0.3303937315940857
3,7,4,6252,6,0,0,0.2822255790233612
3,7,5,6253,6,8,0,0.2506481111049652
3,7,5,6254,6,8,0,0.2479056566953659
3,7,5,6255,6,6,1,0.3837113380432129
3,7,5,6256,6,2,0,0.2772923707962036
3,7,5,6257,6,6,1,0.361578106880188
3,7,5,6258,6,6,1,0.523402214050293
3,7,5,6259,6,6,1,0.49851009249687195
3,7,5,6260,6,6,1,0.816500186920166
3,7,5,6261,6,6,1,0.9243316054344177
3,7,5,6262,6,6,1,0.6198816895484924
3,7,5,6263,6,6,1,0.5898469090461731
3,7,5,6264,6,8,0,0.177864208817482
3,7,5,6265,6,8,0,0.22562265396118164
3,7,6,6266,6,2,0,0.24795690178871155
3,7,6,6267,6,6,1,0.5595130324363708
3,7,6,6268,6,6,1,0.7458034753799438
3,7,6,6269,6,6,1,0.34173253178596497
3,7,6,6270,6,6,1,0.39849853515625
3,7,6,6271,6,6,1,0.3785246014595032
3,7,6,6272,6,0,0,0.22803066670894623
3,7,6,6273,6,9,0,0.4827454090118408
3,7,6,6274,6,9,0,0.41650205850601196
3,7,6,6275,6,9,0,0.32755106687545776
3,7,6,6276,6,9,0,0.2059231698513031
3,8,1,6277,7,6,0,0.42324912548065186
3,8,1,6278,7,6,0,0.5599960684776306
3,8,1,6279,7,6,0,0.27159276604652405
3,8,1,6280,7,9,0,0.3812048137187958
3,8,1,6281,7,7,1,0.19674238562583923
3,8,1,6282,7,7,1,0.2132904976606369
3,8,1,6283,7,1,0,0.22155947983264923
3,8,1,6284,7,9,0,0.2641601264476776
3,8,1,6285,7,5,0,0.3933340311050415
3,8,1,6286,7,2,0,0.31682711839675903
3,8,1,6287,7,8,0,0.19216877222061157
3,8,1,6288,7,7,1,0.18520940840244293
3,8,1,6289,7,7,1,0.200483039021492
3,8,1,6290,7,8,0,0.18094311654567719
3,8,2,6291,7,6,0,0.540739119052887
3,8,2,6292,7,6,0,0.33705368638038635
3,8,2,6293,7,7,1,0.40692582726478577
3,8,2,6294,7,9,0,0.3381536900997162
3,8,2,6295,7,7,1,0.30169710516929626
3,8,2,6296,7,7,1,0.3755626678466797
3,8,2,6297,7,7,1,0.37972140312194824
3,8,2,6298,7,7,1,0.5883920788764954
3,8,2,6299,7,8,0,0.3605206310749054
3,8,2,6300,7,7,1,0.6453294157981873
3,8,2,6301,7,7,1,0.31585821509361267
3,8,2,6302,7,6,0,0.2640988826751709
3,8,3,6303,7,6,0,0.2283921241760254
3,8,3,6304,7,8,0,0.3019825518131256
3,8,3,6305,7,9,0,0.2059473991394043
3,8,3,6306,7,7,1,0.6319401860237122
3,8,3,6307,7,7,1,0.7226352095603943
3,8,3,6308,7,9,0,0.21811865270137787
3,8,3,6309,7,7,1,0.5437011122703552
3,8,3,6310,7,7,1,0.2828545570373535
3,8,3,6311,7,7,1,0.49519720673561096
3,8,3,6312,7,6,0,0.552924394607544
3,8,3,6313,7,6,0,0.4156724810600281
3,8,3,6314,7,6,0,0.23481978476047516
3,8,3,6315,7,8,0,0.2345365285873413
3,8,4,6316,7,8,0,0.1856386512517929
3,8,4,6317,7,6,0,0.388884574174881
3,8,4,6318,7,6,0,0.3687600791454315
3,8,4,6319,7,7,1,0.7977108359336853
3,8,4,6320,7,7,1,0.664601743221283
3,8,4,6321,7,7,1,0.5346081256866455
3,8,4,6322,7,7,1,0.8137872815132141
3,8,4,6323,7,7,1,0.5138393044471741
3,8,4,6324,7,7,1,0.6016504168510437
3,8,4,6325,7,8,0,0.3159578740596771
3,8,4,6326,7,7,1,0.18365275859832764
3,8,4,6327,7,0,0,0.2055579274892807
3,8,5,6328,7,6,0,0.4288351833820343
3,8,5,6329,7,8,0,0.27072155475616455
3,8,5,6330,7,7,1,0.5197550654411316
3,8,5,6331,7,7,1,0.7471373677253723
3,8,5,6332,7,7,1,0.7586829662322998
3,8,5,6333,7,8,0,0.35589250922203064
3,8,5,6334,7,7,1,0.5585706830024719
3,8,5,6335,7,7,1,0.6721979975700378
3,8,5,6336,7,7,1,0.5572819709777832
3,8,6,6337,7,7,1,0.4745641350746155
3,8,6,6338,7,3,0,0.3540618419647217
3,8,6,6339,7,7,1,0.8643680214881897
3,8,6,6340,7,7,1,0.6935687065124512
3,8,6,6341,7,7,1,0.6320415139198303
3,8,6,6342,7,7,1,0.3751354217529297
3,8,6,6343,7,7,1,0.8079267144203186
3,8,6,6344,7,8,0,0.272649347782135
3,8,6,6345,7,9,0,0.38151949644088745
3,8,6,6346,7,7,1,0.7357044219970703
3,8,6,6347,7,7,1,0.751736581325531
3,8,6,6348,7,7,1,0.6649276614189148
3,9,1,6349,8,8,1,0.20799070596694946
3,9,1,6350,8,8,1,0.16889068484306335
3,9,1,6351,8,6,0,0.19553005695343018
3,9,1,6352,8,8,1,0.2197585105895996
3,9,1,6353,8,8,1,0.4554148316383362
3,9,1,6354,8,8,1,0.44239741563796997
3,9,1,6355,8,4,0,0.2227717638015747
3,9,1,6356,8,8,1,0.49233385920524597
3,9,1,6357,8,8,1,0.3796011209487915
3,9,1,6358,8,8,1,0.22591745853424072
3,9,1,6359,8,9,0,0.3233806788921356
3,9,1,6360,8,9,0,0.3072117865085602
3,9,1,6361,8,8,1,0.4001319706439972
3,9,1,6362,8,8,1,0.47331684827804565
3,9,1,6363,8,8,1,0.46856728196144104
3,9,1,6364,8,8,1,0.4583575129508972
3,9,1,6365,8,8,1,0.30503004789352417
3,9,1,6366,8,8,1,0.4240109920501709
3,9,1,6367,8,9,0,0.50702303647995
3,9,1,6368,8,9,0,0.1821821928024292
3,9,2,6369,8,7,0,0.21053095161914825
3,9,2,6370,8,4,0,0.24360552430152893
3,9,2,6371,8,9,0,0.27513375878334045
3,9,2,6372,8,8,1,0.5992802977561951
3,9,2,6373,8,8,1,0.3533608317375183
3,9,2,6374,8,8,1,0.4359208941459656
3,9,2,6375,8,8,1,0.2677408754825592
3,9,2,6376,8,8,1,0.32726314663887024
3,9,2,6377,8,9,0,0.19424661993980408
3,9,2,6378,8,9,0,0.3022249937057495
3,9,2,6379,8,8,1,0.2308417409658432
3,9,2,6380,8,8,1,0.18410810828208923
3,9,2,6381,8,8,1,0.16491244733333588
3,9,3,6382,8,8,1,0.19269350171089172
3,9,3,6383,8,6,0,0.27644702792167664
3,9,3,6384,8,6,0,0.29490748047828674
3,9,3,6385,8,8,1,0.3979201018810272
3,9,3,6386,8,8,1,0.21115602552890778
3,9,3,6387,8,8,1,0.2584652602672577
3,9,3,6388,8,8,1,0.4610941708087921
3,9,3,6389,8,8,1,0.2768593430519104
3,9,4,6390,8,8,1,0.3443079888820648
3,9,4,6391,8,8,1,0.3077205419540405
3,9,4,6392,8,8,1,0.5680909752845764
3,9,4,6393,8,8,1,0.46707749366760254
3,9,4,6394,8,8,1,0.23075200617313385
3,9,4,6395,8,4,0,0.1839739829301834
3,9,4,6396,8,8,1,0.3308154344558716
3,9,4,6397,8,8,1,0.4262935519218445
3,9,4,6398,8,0,0,0.2697110176086426
3,9,4,6399,8,8,1,0.19625887274742126
3,9,5,6400,8,8,1,0.271748423576355
3,9,5,6401,8,8,1,0.4877309203147888
3,9,5,6402,8,4,0,0.33485519886016846
3,9,5,6403,8,8,1,0.19873003661632538
3,9,5,6404,8,8,1,0.5455445051193237
3,9,5,6405,8,8,1,0.5323011875152588
3,9,5,6406,8,8,1,0.2714129388332367
3,9,5,6407,8,8,1,0.4370555281639099
3,9,5,6408,8,8,1,0.4977988302707672
3,9,5,6409,8,8,1,0.36285701394081116
3,9,5,6410,8,8,1,0.45021265745162964
3,9,6,6411,8,6,0,0.3203746974468231
3,9,6,6412,8,9,0,0.2464875429868698
3,9,6,6413,8,7,0,0.1921260952949524
3,9,6,6414,8,8,1,0.384207159280777
3,9,6,6415,8,6,0,0.2226969450712204
3,9,6,6416,8,9,0,0.2381552755832672
3,9,6,6417,8,9,0,0.2862083315849304
3,9,6,6418,8,8,1,0.4579358398914337
3,9,6,6419,8,8,1,0.3944319784641266
3,9,6,6420,8,8,1,0.6568003296852112
3,9,6,6421,8,8,1,0.3510611057281494
3,9,6,6422,8,8,1,0.3664838373661041
3,9,6,6423,8,8,1,0.3559368848800659
3,9,6,6424,8,8,1,0.6656447649002075
3,9,6,6425,8,8,1,0.7082940936088562
3,9,6,6426,8,6,0,0.2081196904182434
3,9,6,6427,8,6,0,0.2485504299402237
3,10,1,6428,9,8,0,0.26071861386299133
3,10,1,6429,9,8,0,0.23743262887001038
3,10,1,6430,9,8,0,0.3775467574596405
3,10,1,6431,9,8,0,0.2598119080066681
3,10,1,6432,9,8,0,0.41547906398773193
3,10,1,6433,9,8,0,0.438490629196167
3,10,1,6434,9,8,0,0.28501206636428833
3,10,1,6435,9,9,1,0.35167840123176575
3,10,1,6436,9,9,1,0.494572252035141
3,10,1,6437,9,9,1,0.8606777787208557
3,10,1,6438,9,9,1,0.8907536268234253
3,10,1,6439,9,9,1,0.9405767321586609
3,10,1,6440,9,9,1,0.7976438999176025
3,10,1,6441,9,9,1,0.3162432610988617
3,10,1,6442,9,8,0,0.2312391698360443
3,10,2,6443,9,8,0,0.32983487844467163
3,10,2,6444,9,6,0,0.2960766553878784
3,10,2,6445,9,6,0,0.2666158378124237
3,10,2,6446,9,9,1,0.38225579261779785
3,10,2,6447,9,4,0,0.38519033789634705
3,10,2,6448,9,9,1,0.22942130267620087
3,10,2,6449,9,9,1,0.2961950898170471
3,10,2,6450,9,9,1,0.3182571828365326
3,10,2,6451,9,9,1,0.402442067861557
3,10,2,6452,9,9,1,0.48544690012931824
3,10,2,6453,9,9,1,0.521853506565094
3,10,2,6454,9,9,1,0.9292700290679932
3,10,2,6455,9,8,0,0.4187268912792206
3,10,2,6456,9,9,1,0.48837965726852417
3,10,2,6457,9,8,0,0.28878462314605713
3,10,3,6458,9,8,0,0.39820754528045654
3,10,3,6459,9,4,0,0.2780149579048157
3,10,3,6460,9,4,0,0.6428799629211426
3,10,3,6461,9,9,1,0.45237287878990173
3,10,3,6462,9,9,1,0.24254494905471802
3,10,3,6463,9,6,0,0.20766925811767578
3,10,3,6464,9,9,1,0.42295512557029724
3,10,3,6465,9,9,1,0.5367972254753113
3,10,3,6466,9,9,1,0.3709447979927063
3,10,3,6467,9,9,1,0.5679393410682678
3,10,3,6468,9,9,1,0.4747868478298187
3,10,3,6469,9,9,1,0.2764896750450134
3,10,4,6470,9,8,0,0.5827596187591553
3,10,4,6471,9,9,1,0.39545488357543945
3,10,4,6472,9,3,0,0.23323465883731842
3,10,4,6473,9,9,1,0.4725629687309265
3,10,4,6474,9,9,1,0.5648711919784546
3,10,4,6475,9,9,1,0.628856897354126
3,10,4,6476,9,9,1,0.6205210089683533
3,10,4,6477,9,9,1,0.4223566949367523
3,10,4,6478,9,9,1,0.21855610609054565
3,10,5,6479,9,8,0,0.47885817289352417
3,10,5,6480,9,8,0,0.3934067487716675
3,10,5,6481,9,8,0,0.47662702202796936
3,10,5,6482,9,7,0,0.37117326259613037
3,10,5,6483,9,9,1,0.313504695892334
3,10,5,6484,9,9,1,0.2918585240840912
3,10,5,6485,9,9,1,0.20139098167419434
3,10,5,6486,9,9,1,0.47791996598243713
3,10,5,6487,9,9,1,0.4611697196960449
3,10,5,6488,9,9,1,0.5588324666023254
3,10,5,6489,9,9,1,0.5111156702041626
3,10,5,6490,9,9,1,0.653102695941925
3,10,5,6491,9,9,1,0.7556730508804321
3,10,5,6492,9,9,1,0.7174974083900452
3,10,5,6493,9,8,0,0.32398849725723267
3,10,6,6494,9,8,0,0.257207453250885
3,10,6,6495,9,8,0,0.22081606090068817
3,10,6,6496,9,9,1,0.32756102085113525
3,10,6,6497,9,9,1,0.33668482303619385
3,10,6,6498,9,0,0,0.1785561442375183
3,10,6,6499,9,1,0,0.23612505197525024
3,10,6,6500,9,9,1,0.7170451879501343
3,10,6,6501,9,9,1,0.834054172039032
3,10,6,6502,9,8,0,0.27463242411613464
3,10,6,6503,9,8,0,0.24168452620506287
3,10,6,6504,9,8,0,0.4136888086795807
3,10,6,6505,9,8,0,0.26549965143203735
3,1,1,6506,0,6,0,0.24542038142681122
3,1,1,6507,0,6,0,0.42632314562797546
3,1,1,6508,0,9,0,0.5718961954116821
3,1,1,6509,0,1,0,0.28057003021240234
3,1,1,6510,0,1,0,0.2469502091407776
3,1,1,6511,0,9,0,0.36203721165657043
3,1,1,6512,0,4,0,0.28809046745300293
3,1,1,6513,0,4,0,0.27276864647865295
3,1,1,6514,0,6,0,0.27886196970939636
3,1,2,6515,0,9,0,0.2592064440250397
3,1,2,6516,0,0,1,0.23419083654880524
3,1,2,6517,0,8,0,0.19169537723064423
3,1,2,6518,0,0,1,0.38838446140289307
3,1,2,6519,0,1,0,0.3862976133823395
3,1,2,6520,0,0,1,0.38991615176200867
3,1,2,6521,0,9,0,0.257850706577301
3,1,2,6522,0,4,0,0.24795426428318024
3,1,2,6523,0,9,0,0.29483485221862793
3,1,2,6524,0,9,0,0.3363838195800781
3,1,3,6525,0,6,0,0.389011412858963
3,1,3,6526,0,8,0,0.2773810923099518
3,1,3,6527,0,8,0,0.2997557520866394
3,1,3,6528,0,6,0,0.1840435415506363
3,1,3,6529,0,4,0,0.2545979619026184
3,1,3,6530,0,4,0,0.31821808218955994
3,1,3,6531,0,9,0,0.4124113917350769
3,1,3,6532,0,4,0,0.453904926776886
3,1,3,6533,0,0,1,0.30358582735061646
3,1,3,6534,0,9,0,0.3353803753852844
3,1,3,6535,0,0,1,0.26321014761924744
3,1,3,6536,0,1,0,0.24804376065731049
3,1,3,6537,0,9,0,0.2533053457736969
3,1,3,6538,0,9,0,0.2329251915216446
3,1,3,6539,0,4,0,0.19959691166877747
3,1,3,6540,0,4,0,0.20850417017936707
3,1,3,6541,0,4,0,0.2750004529953003
3,1,4,6542,0,8,0,0.2458493858575821
3,1,4,6543,0,8,0,0.22330304980278015
3,1,4,6544,0,0,1,0.1881086826324463
3,1,4,6545,0,4,0,0.23349222540855408
3,1,4,6546,0,9,0,0.3473702669143677
3,1,4,6547,0,0,1,0.2603922486305237
3,1,4,6548,0,9,0,0.41735804080963135
3,1,4,6549,0,9,0,0.3327808380126953
3,1,4,6550,0,0,1,0.2962515354156494
3,1,4,6551,0,0,1,0.2727448344230652
3,1,4,6552,0,9,0,0.2702908217906952
3,1,4,6553,0,6,0,0.31343087553977966
3,1,4,6554,0,6,0,0.39529648423194885
3,1,4,6555,0,6,0,0.5342022776603699
3,1,5,6556,0,4,0,0.5013682246208191
3,1,5,6557,0,4,0,0.4944424629211426
3,1,5,6558,0,4,0,0.30965468287467957
3,1,5,6559,0,4,0,0.44075366854667664
3,1,5,6560,0,9,0,0.35747918486595154
3,1,5,6561,0,0,1,0.2901831269264221
3,1,5,6562,0,0,1,0.35463735461235046
3,1,5,6563,0,0,1,0.27817028760910034
3,1,5,6564,0,1,0,0.39462965726852417
3,1,5,6565,0,0,1,0.3080933690071106
3,1,5,6566,0,8,0,0.25321418046951294
3,1,5,6567,0,9,0,0.25720781087875366
3,1,6,6568,0,8,0,0.3646259605884552
3,1,6,6569,0,8,0,0.23884330689907074
3,1,6,6570,0,4,0,0.25669342279434204
3,1,6,6571,0,0,1,0.36911749839782715
3,1,6,6572,0,9,0,0.5742371678352356
3,1,6,6573,0,9,0,0.5522515177726746
3,1,6,6574,0,9,0,0.5426362752914429
3,1,6,6575,0,9,0,0.3674515187740326
3,1,6,6576,0,9,0,0.2795063257217407
3,1,6,6577,0,9,0,0.3725143074989319
3,1,6,6578,0,4,0,0.21516434848308563
3,1,6,6579,0,4,0,0.2891244888305664
3,1,6,6580,0,8,0,0.2082182765007019
3,1,6,6581,0,9,0,0.21190981566905975
3,2,1,6582,1,6,0,0.1893785148859024
3,2,1,6583,1,9,0,0.22207096219062805
3,2,1,6584,1,8,0,0.34990194439888
3,2,1,6585,1,1,1,0.3596831262111664
3,2,1,6586,1,0,0,0.5365536212921143
3,2,1,6587,1,0,0,0.4983549118041992
3,2,1,6588,1,0,0,0.2792339622974396
3,2,1,6589,1,1,1,0.5407867431640625
3,2,1,6590,1,9,0,0.25281190872192383
3,2,1,6591,1,1,1,0.48562636971473694
3,2,1,6592,1,1,1,0.6223770976066589
3,2,1,6593,1,1,1,0.5936164855957031
3,2,1,6594,1,9,0,0.22247350215911865
3,2,1,6595,1,6,0,0.47209909558296204
3,2,1,6596,1,6,0,0.5588780641555786
3,2,1,6597,1,4,0,0.31418392062187195
3,2,2,6598,1,8,0,0.20675186812877655
3,2,2,6599,1,8,0,0.3847712576389313
3,2,2,6600,1,8,0,0.44670215249061584
3,2,2,6601,1,8,0,0.575291097164154
3,2,2,6602,1,9,0,0.3999814987182617
3,2,2,6603,1,0,0,0.3193657100200653
3,2,2,6604,1,1,1,0.7471869587898254
3,2,2,6605,1,1,1,0.5597525238990784
3,2,2,6606,1,9,0,0.2736179232597351
3,2,2,6607,1,9,0,0.2152412235736847
3,2,2,6608,1,9,0,0.2806098163127899
3,2,3,6609,1,0,0,0.4810270667076111
3,2,3,6610,1,0,0,0.3524266183376312
3,2,3,6611,1,9,0,0.290720134973526
3,2,3,6612,1,1,1,0.4354454278945923
3,2,3,6613,1,4,0,0.24484959244728088
3,2,4,6614,1,8,0,0.1808898150920868
3,2,4,6615,1,0,0,0.1753910779953003
3,2,4,6616,1,8,0,0.2532210648059845
3,2,4,6617,1,0,0,0.3302064538002014
3,2,4,6618,1,9,0,0.5255911946296692
3,2,4,6619,1,1,1,0.39334121346473694
3,2,4,6620,1,1,1,0.5673562288284302
3,2,4,6621,1,1,1,0.5145095586776733
3,2,4,6622,1,1,1,0.5284514427185059
3,2,4,6623,1,1,1,0.6370493173599243
3,2,4,6624,1,1,1,0.2421654760837555
3,2,4,6625,1,0,0,0.18444004654884338
3,2,4,6626,1,9,0,0.2059868425130844
3,2,5,6627,1,6,0,0.4330388605594635
3,2,5,6628,1,0,0,0.3366955518722534
3,2,5,6629,1,1,1,0.7403312921524048
3,2,5,6630,1,1,1,0.7973867058753967
3,2,5,6631,1,1,1,0.4638768434524536
3,2,5,6632,1,1,1,0.35359621047973633
3,2,5,6633,1,1,1,0.31534332036972046
3,2,5,6634,1,1,1,0.36242833733558655
3,2,5,6635,1,1,1,0.35347142815589905
3,2,5,6636,1,1,1,0.5912372469902039
3,2,5,6637,1,0,0,0.35302963852882385
3,2,5,6638,1,9,0,0.382546067237854
3,2,5,6639,1,5,0,0.3959757387638092
3,2,5,6640,1,9,0,0.4060162305831909
3,2,6,6641,1,8,0,0.2901459038257599
3,2,6,6642,1,8,0,0.44705790281295776
3,2,6,6643,1,1,1,0.4597473442554474
3,2,6,6644,1,1,1,0.7060586810112
3,2,6,6645,1,9,0,0.2831697463989258
3,2,6,6646,1,9,0,0.2816535234451294
3,3,1,6647,2,9,0,0.3544895648956299
3,3,1,6648,2,9,0,0.31606006622314453
3,3,1,6649,2,8,0,0.414846271276474
3,3,1,6650,2,8,0,0.528741180896759
3,3,1,6651,2,8,0,0.2415708601474762
3,3,1,6652,2,0,0,0.2611357569694519
3,3,1,6653,2,0,0,0.293364554643631
3,3,1,6654,2,1,0,0.285344660282135
3,3,1,6655,2,0,0,0.3539486229419708
3,3,1,6656,2,0,0,0.4010205566883087
3,3,1,6657,2,0,0,0.3190477192401886
3,3,1,6658,2,2,1,0.3175131678581238
3,3,1,6659,2,2,1,0.30217882990837097
3,3,1,6660,2,2,1,0.2669036388397217
3,3,1,6661,2,1,0,0.26906701922416687
3,3,1,6662,2,9,0,0.27073463797569275
3,3,1,6663,2,6,0,0.20383241772651672
3,3,2,6664,2,9,0,0.20308253169059753
3,3,2,6665,2,0,0,0.2784545123577118
3,3,2,6666,2,8,0,0.5448784232139587
3,3,2,6667,2,0,0,0.34086543321609497
3,3,2,6668,2,1,0,0.3441610634326935
3,3,2,6669,2,1,0,0.3479131758213043
3,3,2,6670,2,9,0,0.4495229125022888
3,3,2,6671,2,9,0,0.3295140266418457
3,3,2,6672,2,0,0,0.23076876997947693
3,3,2,6673,2,9,0,0.3459944725036621
3,3,3,6674,2,4,0,0.18699848651885986
3,3,3,6675,2,0,0,0.32630619406700134
3,3,3,6676,2,0,0,0.40685921907424927
3,3,3,6677,2,2,1,0.20811961591243744
3,3,3,6678,2,6,0,0.4480065405368805
3,3,3,6679,2,8,0,0.25261545181274414
3,3,3,6680,2,7,0,0.32234111428260803
3,3,3,6681,2,7,0,0.3654549717903137
3,3,3,6682,2,2,1,0.3191623389720917
3,3,3,6683,2,2,1,0.27683255076408386
3,3,3,6684,2,2,1,0.37588998675346375
3,3,3,6685,2,2,1,0.33542555570602417
3,3,3,6686,2,2,1,0.33270129561424255
3,3,3,6687,2,1,0,0.5101912021636963
3,3,3,6688,2,1,0,0.3527638912200928
3,3,3,6689,2,2,1,0.38359808921813965
3,3,3,6690,2,9,0,0.4033745229244232
3,3,3,6691,2,9,0,0.44002267718315125
3,3,3,6692,2,9,0,0.2588816285133362
3,3,4,6693,2,8,0,0.26887306571006775
3,3,4,6694,2,8,0,0.1899195909500122
3,3,4,6695,2,2,1,0.19698095321655273
3,3,4,6696,2,9,0,0.41965192556381226
3,3,4,6697,2,0,0,0.2645358741283417
3,3,4,6698,2,9,0,0.2426900863647461
3,3,4,6699,2,8,0,0.1850479394197464
3,3,4,6700,2,1,0,0.27660292387008667
3,3,4,6701,2,1,0,0.444123238325119
3,3,4,6702,2,1,0,0.5568641424179077
3,3,4,6703,2,1,0,0.33470070362091064
3,3,4,6704,2,9,0,0.2391110360622406
3,3,5,6705,2,6,0,0.23960810899734497
3,3,5,6706,2,0,0,0.3048560321331024
3,3,5,6707,2,8,0,0.29795074462890625
3,3,5,6708,2,8,0,0.35886454582214355
3,3,5,6709,2,2,1,0.22084234654903412
3,3,5,6710,2,1,0,0.3150078058242798
3,3,5,6711,2,1,0,0.38600224256515503
3,3,5,6712,2,2,1,0.5563491582870483
3,3,5,6713,2,1,0,0.4764709770679474
3,3,5,6714,2,1,0,0.4845808446407318
3,3,5,6715,2,9,0,0.33875271677970886
3,3,5,6716,2,1,0,0.5302285552024841
3,3,5,6717,2,1,0,0.4228561818599701
3,3,5,6718,2,1,0,0.464306503534317
3,3,5,6719,2,2,1,0.198165163397789
3,3,5,6720,2,2,1,0.3110748827457428
3,3,5,6721,2,6,0,0.1910691112279892
3,3,5,6722,2,6,0,0.23222093284130096
3,3,6,6723,2,0,0,0.2622775435447693
3,3,6,6724,2,0,0,0.2039814293384552
3,3,6,6725,2,2,1,0.3152170479297638
3,3,6,6726,2,1,0,0.38593822717666626
3,3,6,6727,2,9,0,0.26003310084342957
3,3,6,6728,2,9,0,0.3850082755088806
3,3,6,6729,2,2,1,0.42557916045188904
3,3,6,6730,2,2,1,0.4846965968608856
3,3,6,6731,2,1,0,0.4541817605495453
3,3,6,6732,2,9,0,0.4362098276615143
3,3,6,6733,2,9,0,0.7027797698974609
3,3,6,6734,2,2,1,0.2605028748512268
3,4,1,6735,3,0,0,0.479613333940506
3,4,1,6736,3,0,0,0.4121856987476349
3,4,1,6737,3,0,0,0.44834956526756287
3,4,1,6738,3,3,1,0.37263384461402893
3,4,1,6739,3,3,1,0.4250810742378235
3,4,1,6740,3,0,0,0.24273879826068878
3,4,1,6741,3,3,1,0.486905574798584
3,4,1,6742,3,3,1,0.4746609032154083
3,4,1,6743,3,3,1,0.6282995939254761
3,4,1,6744,3,0,0,0.4822688698768616
3,4,1,6745,3,3,1,0.49982988834381104
3,4,1,6746,3,3,1,0.5214704871177673
3,4,1,6747,3,0,0,0.46908989548683167
3,4,1,6748,3,9,0,0.42192184925079346
3,4,2,6749,3,8,0,0.32885169982910156
3,4,2,6750,3,0,0,0.4396111071109772
3,4,2,6751,3,0,0,0.46309956908226013
3,4,2,6752,3,3,1,0.43951380252838135
3,4,2,6753,3,3,1,0.34178438782691956
3,4,2,6754,3,1,0,0.3735085427761078
3,4,2,6755,3,1,0,0.4064352512359619
3,4,2,6756,3,1,0,0.3121970593929291
3,4,2,6757,3,1,0,0.3772890269756317
3,4,2,6758,3,3,1,0.3994433581829071
3,4,2,6759,3,3,1,0.40491172671318054
3,4,2,6760,3,3,1,0.6882214546203613
3,4,2,6761,3,3,1,0.476694792509079
3,4,2,6762,3,1,0,0.24859577417373657
3,4,2,6763,3,3,1,0.5957017540931702
3,4,2,6764,3,3,1,0.4383071959018707
3,4,2,6765,3,1,0,0.37565773725509644
3,4,3,6766,3,0,0,0.2127651870250702
3,4,3,6767,3,0,0,0.4326896071434021
3,4,3,6768,3,0,0,0.4069386124610901
3,4,3,6769,3,3,1,0.5984181761741638
3,4,3,6770,3,3,1,0.4236482083797455
3,4,3,6771,3,3,1,0.42152151465415955
3,4,3,6772,3,3,1,0.41947126388549805
3,4,3,6773,3,3,1,0.5005753040313721
3,4,3,6774,3,8,0,0.44126787781715393
3,4,3,6775,3,3,1,0.38330382108688354
3,4,3,6776,3,3,1,0.6368510723114014
3,4,3,6777,3,3,1,0.47545087337493896
3,4,3,6778,3,0,0,0.25226813554763794
3,4,3,6779,3,9,0,0.3106940686702728
3,4,3,6780,3,9,0,0.529160737991333
3,4,4,6781,3,0,0,0.4883679151535034
3,4,4,6782,3,1,0,0.44544926285743713
3,4,4,6783,3,1,0,0.4459572732448578
3,4,4,6784,3,3,1,0.4669729173183441
3,4,4,6785,3,3,1,0.4107198119163513
3,4,4,6786,3,3,1,0.26438963413238525
3,4,4,6787,3,3,1,0.3624509871006012
3,4,4,6788,3,3,1,0.6563132405281067
3,4,4,6789,3,3,1,0.5667164921760559
3,4,4,6790,3,3,1,0.4114110469818115
3,4,4,6791,3,3,1,0.23830536007881165
3,4,4,6792,3,0,0,0.4014265537261963
3,4,4,6793,3,0,0,0.4124875068664551
3,4,4,6794,3,0,0,0.4994547963142395
3,4,5,6795,3,0,0,0.3765743672847748
3,4,5,6796,3,0,0,0.42598503828048706
3,4,5,6797,3,0,0,0.36977869272232056
3,4,5,6798,3,1,0,0.3169558644294739
3,4,5,6799,3,3,1,0.44401559233665466
3,4,5,6800,3,3,1,0.5275002121925354
3,4,5,6801,3,3,1,0.42742010951042175
3,4,5,6802,3,3,1,0.35310155153274536
3,4,5,6803,3,3,1,0.6907567977905273
3,4,5,6804,3,3,1,0.4500875771045685
3,4,5,6805,3,6,0,0.19129855930805206
3,4,5,6806,3,8,0,0.18385560810565948
3,4,6,6807,3,0,0,0.3884861469268799
3,4,6,6808,3,0,0,0.5056811571121216
3,4,6,6809,3,0,0,0.46476811170578003
3,4,6,6810,3,0,0,0.5718057155609131
3,4,6,6811,3,3,1,0.4493122696876526
3,4,6,6812,3,1,0,0.3057573139667511
3,4,6,6813,3,1,0,0.3816441595554352
3,4,6,6814,3,0,0,0.395080029964447
3,4,6,6815,3,0,0,0.35789236426353455
3,4,6,6816,3,2,0,0.2959170639514923
3,4,6,6817,3,3,1,0.3158092796802521
3,4,6,6818,3,1,0,0.4600984454154968
3,4,6,6819,3,1,0,0.5172191858291626
3,4,6,6820,3,1,0,0.492035448551178
3,4,6,6821,3,0,0,0.5118529200553894
3,5,1,6822,4,9,0,0.2198738306760788
3,5,1,6823,4,8,0,0.31449833512306213
3,5,1,6824,4,9,0,0.4507468044757843
3,5,1,6825,4,4,1,0.3167709410190582
3,5,1,6826,4,4,1,0.566318154335022
3,5,1,6827,4,9,0,0.43767112493515015
3,5,1,6828,4,5,0,0.36652642488479614
3,5,1,6829,4,4,1,0.38434547185897827
3,5,1,6830,4,4,1,0.3465605080127716
3,5,1,6831,4,9,0,0.5877691507339478
3,5,1,6832,4,4,1,0.2350931018590927
3,5,1,6833,4,9,0,0.34331488609313965
3,5,1,6834,4,4,1,0.1978617161512375
3,5,1,6835,4,6,0,0.45852363109588623
3,5,1,6836,4,8,0,0.30953988432884216
3,5,2,6837,4,8,0,0.3039737641811371
3,5,2,6838,4,0,0,0.27350378036499023
3,5,2,6839,4,9,0,0.45083168148994446
3,5,2,6840,4,8,0,0.7966342568397522
3,5,2,6841,4,0,0,0.3355512320995331
3,5,2,6842,4,9,0,0.2510618269443512
3,5,2,6843,4,4,1,0.34633931517601013
3,5,2,6844,4,8,0,0.27948880195617676
3,5,2,6845,4,9,0,0.43870237469673157
3,5,2,6846,4,9,0,0.2971286177635193
3,5,2,6847,4,4,1,0.3454236090183258
3,5,2,6848,4,9,0,0.25499507784843445
3,5,3,6849,4,4,1,0.25763145089149475
3,5,3,6850,4,8,0,0.2967396378517151
3,5,3,6851,4,4,1,0.3197122812271118
3,5,3,6852,4,9,0,0.4245480000972748
3,5,3,6853,4,4,1,0.39452338218688965
3,5,3,6854,4,9,0,0.46920520067214966
3,5,3,6855,4,9,0,0.2592405676841736
3,5,3,6856,4,9,0,0.5429876446723938
3,5,3,6857,4,5,0,0.4127495586872101
3,5,3,6858,4,4,1,0.4102618992328644
3,5,3,6859,4,5,0,0.2387157529592514
3,5,4,6860,4,8,0,0.3071272075176239
3,5,4,6861,4,9,0,0.5125661492347717
3,5,4,6862,4,4,1,0.5743487477302551
3,5,4,6863,4,1,0,0.28013041615486145
3,5,4,6864,4,4,1,0.2427600622177124
3,5,4,6865,4,1,0,0.3673253655433655
3,5,4,6866,4,4,1,0.2358800321817398
3,5,4,6867,4,9,0,0.434614360332489
3,5,4,6868,4,0,0,0.1946449875831604
3,5,4,6869,4,4,1,0.29988452792167664
3,5,4,6870,4,1,0,0.3834795355796814
3,5,4,6871,4,9,0,0.2684301435947418
3,5,4,6872,4,6,0,0.17815399169921875
3,5,4,6873,4,4,1,0.27897658944129944
3,5,4,6874,4,4,1,0.2827456295490265
3,5,4,6875,4,4,1,0.2664434015750885
3,5,4,6876,4,4,1,0.20614667236804962
3,5,5,6877,4,6,0,0.29396599531173706
3,5,5,6878,4,6,0,0.4385755956172943
3,5,5,6879,4,4,1,0.5839928984642029
3,5,5,6880,4,4,1,0.5846353769302368
3,5,5,6881,4,4,1,0.4107881486415863
3,5,5,6882,4,4,1,0.5985575914382935
3,5,5,6883,4,4,1,0.491216778755188
3,5,5,6884,4,4,1,0.31519365310668945
3,5,5,6885,4,0,0,0.30518975853919983
3,5,5,6886,4,9,0,0.3685402572154999
3,5,5,6887,4,9,0,0.2919546961784363
3,5,5,6888,4,9,0,0.23067505657672882
3,5,5,6889,4,8,0,0.23626767098903656
3,5,5,6890,4,8,0,0.34106355905532837
3,5,5,6891,4,6,0,0.2534821033477783
3,5,5,6892,4,4,1,0.4966627359390259
3,5,5,6893,4,4,1,0.4065046012401581
3,5,5,6894,4,4,1,0.3420392870903015
3,5,5,6895,4,4,1,0.2695864737033844
3,5,5,6896,4,4,1,0.25679248571395874
3,5,6,6897,4,6,0,0.30943000316619873
3,5,6,6898,4,6,0,0.4550347924232483
3,5,6,6899,4,4,1,0.27659982442855835
3,5,6,6900,4,4,1,0.45572441816329956
3,5,6,6901,4,4,1,0.45746099948883057
3,5,6,6902,4,4,1,0.5597428679466248
3,5,6,6903,4,4,1,0.3200533390045166
3,5,6,6904,4,0,0,0.26273447275161743
3,5,6,6905,4,1,0,0.519143283367157
3,5,6,6906,4,1,0,0.5264293551445007
3,5,6,6907,4,1,0,0.43675440549850464
3,5,6,6908,4,1,0,0.34368696808815
3,5,6,6909,4,4,1,0.23889008164405823
3,5,6,6910,4,4,1,0.5654976963996887
3,5,6,6911,4,4,1,0.42961084842681885
3,5,6,6912,4,5,0,0.2084502875804901
3,5,6,6913,4,4,1,0.29092133045196533
3,6,1,6914,5,8,0,0.5060015916824341
3,6,1,6915,5,2,0,0.3125191330909729
3,6,1,6916,5,1,0,0.22493094205856323
3,6,1,6917,5,9,0,0.3477233648300171
3,6,1,6918,5,5,1,0.35991013050079346
3,6,1,6919,5,5,1,0.7063180208206177
3,6,1,6920,5,5,1,0.44882282614707947
3,6,1,6921,5,5,1,0.578386664390564
3,6,1,6922,5,5,1,0.3722318410873413
3,6,1,6923,5,5,1,0.5063460469245911
3,6,1,6924,5,4,0,0.4790065586566925
3,6,1,6925,5,5,1,0.26140937209129333
3,6,1,6926,5,5,1,0.21141229569911957
3,6,1,6927,5,5,1,0.389785498380661
3,6,1,6928,5,9,0,0.18712422251701355
3,6,1,6929,5,9,0,0.21217934787273407
3,6,1,6930,5,7,0,0.23520594835281372
3,6,2,6931,5,6,0,0.23565976321697235
3,6,2,6932,5,5,1,0.26325875520706177
3,6,2,6933,5,9,0,0.2814623713493347
3,6,2,6934,5,9,0,0.3733418583869934
3,6,2,6935,5,5,1,0.5763984322547913
3,6,2,6936,5,5,1,0.648064136505127
3,6,2,6937,5,9,0,0.4305694103240967
3,6,2,6938,5,9,0,0.5019583106040955
3,6,2,6939,5,4,0,0.3654179573059082
3,6,2,6940,5,5,1,0.3486087918281555
3,6,2,6941,5,4,0,0.31436052918434143
3,6,2,6942,5,5,1,0.306217759847641
3,6,2,6943,5,0,0,0.3420291244983673
3,6,2,6944,5,9,0,0.37378931045532227
3,6,2,6945,5,0,0,0.2996843159198761
3,6,2,6946,5,5,1,0.26629453897476196
3,6,2,6947,5,3,0,0.23330460488796234
3,6,2,6948,5,5,1,0.2773638069629669
3,6,2,6949,5,4,0,0.2146303653717041
3,6,2,6950,5,5,1,0.2373190075159073
3,6,2,6951,5,9,0,0.37928423285484314
3,6,3,6952,5,8,0,0.27595457434654236
3,6,3,6953,5,9,0,0.2579764425754547
3,6,3,6954,5,9,0,0.34774649143218994
3,6,3,6955,5,9,0,0.28316208720207214
3,6,3,6956,5,5,1,0.476509153842926
3,6,3,6957,5,5,1,0.40146899223327637
3,6,3,6958,5,0,0,0.20400670170783997
3,6,3,6959,5,9,0,0.35041144490242004
3,6,3,6960,5,5,1,0.37453383207321167
3,6,4,6961,5,8,0,0.24421288073062897
3,6,4,6962,5,0,0,0.18566566705703735
3,6,4,6963,5,9,0,0.4243637025356293
3,6,4,6964,5,9,0,0.4895942509174347
3,6,4,6965,5,9,0,0.3174912631511688
3,6,4,6966,5,5,1,0.46937233209609985
3,6,4,6967,5,5,1,0.5385096073150635
3,6,4,6968,5,5,1,0.6890679001808167
3,6,4,6969,5,9,0,0.4028196632862091
3,6,4,6970,5,9,0,0.38268792629241943
3,6,4,6971,5,5,1,0.5210279822349548
3,6,4,6972,5,9,0,0.4198133647441864
3,6,4,6973,5,9,0,0.4169844388961792
3,6,4,6974,5,5,1,0.28064391016960144
3,6,4,6975,5,9,0,0.19183218479156494
3,6,4,6976,5,5,1,0.2646840512752533
3,6,4,6977,5,5,1,0.24647210538387299
3,6,4,6978,5,5,1,0.2462100237607956
3,6,4,6979,5,9,0,0.21292880177497864
3,6,5,6980,5,5,1,0.6824166178703308
3,6,5,6981,5,8,0,0.33724886178970337
3,6,5,6982,5,4,0,0.2368345856666565
3,6,5,6983,5,5,1,0.582664430141449
3,6,5,6984,5,5,1,0.5414502024650574
3,6,5,6985,5,5,1,0.5859649777412415
3,6,5,6986,5,5,1,0.4592756927013397
3,6,5,6987,5,9,0,0.35374194383621216
3,6,5,6988,5,5,1,0.5832962989807129
3,6,5,6989,5,9,0,0.4878409206867218
3,6,5,6990,5,5,1,0.5544467568397522
3,6,5,6991,5,5,1,0.49439287185668945
3,6,5,6992,5,9,0,0.4295368492603302
3,6,5,6993,5,5,1,0.4365231692790985
3,6,5,6994,5,4,0,0.5594101548194885
3,6,5,6995,5,5,1,0.3332127630710602
3,6,5,6996,5,0,0,0.2669622600078583
3,6,5,6997,5,9,0,0.22830244898796082
3,6,5,6998,5,9,0,0.27285367250442505
3,6,5,6999,5,0,0,0.2630012631416321
3,6,5,7000,5,5,1,0.21607735753059387
3,6,5,7001,5,9,0,0.4294838309288025
3,6,6,7002,5,8,0,0.2688271105289459
3,6,6,7003,5,8,0,0.3707987368106842
3,6,6,7004,5,8,0,0.217314675450325
3,6,6,7005,5,4,0,0.25727811455726624
3,6,6,7006,5,5,1,0.18909868597984314
3,6,6,7007,5,0,0,0.6497089266777039
3,6,6,7008,5,0,0,0.49442562460899353
3,6,6,7009,5,5,1,0.34024763107299805
3,6,6,7010,5,5,1,0.33917877078056335
3,6,6,7011,5,5,1,0.5231130123138428
3,6,6,7012,5,5,1,0.7136996388435364
3,6,6,7013,5,5,1,0.4741279184818268
3,6,6,7014,5,3,0,0.23878508806228638
3,6,6,7015,5,5,1,0.32032233476638794
3,6,6,7016,5,9,0,0.3150010406970978
3,6,6,7017,5,9,0,0.40114060044288635
3,6,6,7018,5,6,0,0.20999184250831604
3,6,6,7019,5,9,0,0.17362982034683228
3,6,6,7020,5,9,0,0.29505887627601624
3,7,1,7021,6,6,1,0.33108994364738464
3,7,1,7022,6,6,1,0.49164313077926636
3,7,1,7023,6,6,1,0.7644163370132446
3,7,1,7024,6,6,1,0.4351765215396881
3,7,1,7025,6,6,1,0.6635239720344543
3,7,1,7026,6,6,1,0.41555795073509216
3,7,1,7027,6,6,1,0.3746034502983093
3,7,1,7028,6,9,0,0.2739349603652954
3,7,1,7029,6,6,1,0.6142168045043945
3,7,1,7030,6,6,1,0.27850833535194397
3,7,1,7031,6,6,1,0.42765775322914124
3,7,1,7032,6,0,0,0.2519218325614929
3,7,1,7033,6,0,0,0.22535201907157898
3,7,1,7034,6,6,1,0.4433852732181549
3,7,1,7035,6,6,1,0.2818203270435333
3,7,2,7036,6,6,1,0.33220040798187256
3,7,2,7037,6,6,1,0.30568477511405945
3,7,2,7038,6,6,1,0.4784777760505676
3,7,2,7039,6,6,1,0.376027911901474
3,7,2,7040,6,6,1,0.566251814365387
3,7,2,7041,6,6,1,0.8385339975357056
3,7,2,7042,6,6,1,0.6443624496459961
3,7,2,7043,6,6,1,0.7155227661132812
3,7,2,7044,6,6,1,0.7858757972717285
3,7,2,7045,6,8,0,0.2960187494754791
3,7,2,7046,6,8,0,0.27777594327926636
3,7,2,7047,6,6,1,0.30347076058387756
3,7,2,7048,6,8,0,0.2632107734680176
3,7,2,7049,6,6,1,0.3132539689540863
3,7,2,7050,6,6,1,0.4609208405017853
3,7,2,7051,6,6,1,0.22929276525974274
3,7,2,7052,6,6,1,0.2117215394973755
3,7,2,7053,6,8,0,0.2782333791255951
3,7,2,7054,6,6,1,0.6446320414543152
3,7,2,7055,6,0,0,0.3191149830818176
3,7,3,7056,6,6,1,0.26074352860450745
3,7,3,7057,6,6,1,0.33310365676879883
3,7,3,7058,6,6,1,0.27805206179618835
3,7,3,7059,6,6,1,0.2673397362232208
3,7,3,7060,6,6,1,0.6660282611846924
3,7,3,7061,6,1,0,0.2955111265182495
3,7,3,7062,6,6,1,0.3208237886428833
3,7,3,7063,6,6,1,0.5148375630378723
3,7,3,7064,6,6,1,0.3668968975543976
3,7,3,7065,6,6,1,0.6609087586402893
3,7,4,7066,6,6,1,0.2163946032524109
3,7,4,7067,6,8,0,0.24140307307243347
3,7,4,7068,6,8,0,0.2577284872531891
3,7,4,7069,6,6,1,0.2441352754831314
3,7,4,7070,6,6,1,0.36321642994880676
3,7,4,7071,6,6,1,0.6152821779251099
3,7,4,7072,6,6,1,0.6938661336898804
3,7,4,7073,6,6,1,0.6626251935958862
3,7,4,7074,6,6,1,0.7560117244720459
3,7,4,7075,6,6,1,0.31714555621147156
3,7,4,7076,6,6,1,0.5205821990966797
3,7,4,7077,6,6,1,0.3383031487464905
3,7,4,7078,6,0,0,0.21778832376003265
3,7,4,7079,6,6,1,0.3872019946575165
3,7,4,7080,6,6,1,0.24511276185512543
3,7,4,7081,6,6,1,0.7366527318954468
3,7,4,7082,6,6,1,0.44601157307624817
3,7,4,7083,6,4,0,0.20530898869037628
3,7,4,7084,6,4,0,0.21498768031597137
3,7,5,7085,6,6,1,0.7857028245925903
3,7,5,7086,6,6,1,0.7420638799667358
3,7,5,7087,6,6,1,0.5196570158004761
3,7,5,7088,6,6,1,0.8421226143836975
3,7,5,7089,6,6,1,0.8997673988342285
3,7,5,7090,6,6,1,0.46519285440444946
3,7,5,7091,6,6,1,0.8625196218490601
3,7,5,7092,6,6,1,0.6996437311172485
3,7,5,7093,6,6,1,0.7654677629470825
3,7,5,7094,6,6,1,0.4210134446620941
3,7,6,7095,6,6,1,0.579143762588501
3,7,6,7096,6,6,1,0.4407605528831482
3,7,6,7097,6,6,1,0.38810113072395325
3,7,6,7098,6,6,1,0.39337363839149475
3,7,6,7099,6,6,1,0.5291253924369812
3,7,6,7100,6,6,1,0.3337766230106354
3,7,6,7101,6,6,1,0.5588082671165466
3,7,6,7102,6,6,1,0.3683304786682129
3,7,6,7103,6,6,1,0.9195085763931274
3,7,6,7104,6,6,1,0.5248191356658936
3,7,6,7105,6,6,1,0.6791061162948608
3,7,6,7106,6,6,1,0.8719274997711182
3,7,6,7107,6,6,1,0.8473231196403503
3,8,1,7108,7,6,0,0.384314626455307
3,8,1,7109,7,8,0,0.2696807086467743
3,8,1,7110,7,8,0,0.35900527238845825
3,8,1,7111,7,8,0,0.4588305354118347
3,8,1,7112,7,8,0,0.37680530548095703
3,8,1,7113,7,8,0,0.19072861969470978
3,8,1,7114,7,7,1,0.5092248320579529
3,8,1,7115,7,7,1,0.7235609292984009
3,8,1,7116,7,7,1,0.6443628668785095
3,8,1,7117,7,7,1,0.526401162147522
3,8,1,7118,7,7,1,0.8549050688743591
3,8,1,7119,7,7,1,0.9596378207206726
3,8,1,7120,7,7,1,0.9727142453193665
3,8,1,7121,7,7,1,0.597210705280304
3,8,1,7122,7,7,1,0.6340932250022888
3,8,1,7123,7,7,1,0.7086896300315857
3,8,1,7124,7,7,1,0.8364831209182739
3,8,1,7125,7,6,0,0.1716139018535614
3,8,1,7126,7,6,0,0.27750396728515625
3,8,2,7127,7,8,0,0.3700636923313141
3,8,2,7128,7,9,0,0.24916109442710876
3,8,2,7129,7,9,0,0.2501429617404938
3,8,2,7130,7,8,0,0.44674521684646606
3,8,2,7131,7,8,0,0.4789191484451294
3,8,2,7132,7,7,1,0.5901921987533569
3,8,2,7133,7,7,1,0.5229517817497253
3,8,2,7134,7,8,0,0.42420217394828796
3,8,2,7135,7,9,0,0.4052887558937073
3,8,2,7136,7,6,0,0.29371538758277893
3,8,2,7137,7,4,0,0.25661465525627136
3,8,2,7138,7,6,0,0.3938162326812744
3,8,2,7139,7,6,0,0.44561684131622314
3,8,3,7140,7,8,0,0.22335362434387207
3,8,3,7141,7,6,0,0.2398557960987091
3,8,3,7142,7,6,0,0.20032596588134766
3,8,3,7143,7,6,0,0.1878744512796402
3,8,3,7144,7,7,1,0.7659537196159363
3,8,3,7145,7,9,0,0.223507821559906
3,8,4,7146,7,7,1,0.26147347688674927
3,8,4,7147,7,9,0,0.32325947284698486
3,8,4,7148,7,9,0,0.27273568511009216
3,8,4,7149,7,7,1,0.5273942351341248
3,8,4,7150,7,7,1,0.9799618721008301
3,8,4,7151,7,7,1,0.6487374305725098
3,8,4,7152,7,7,1,0.48984819650650024
3,8,4,7153,7,8,0,0.2764725387096405
3,8,4,7154,7,4,0,0.46701326966285706
3,8,4,7155,7,9,0,0.2335815578699112
3,8,4,7156,7,6,0,0.4458271563053131
3,8,4,7157,7,6,0,0.4460066556930542
3,8,5,7158,7,4,0,0.17892241477966309
3,8,5,7159,7,8,0,0.27914947271347046
3,8,5,7160,7,7,1,0.6362588405609131
3,8,5,7161,7,7,1,0.7087316513061523
3,8,5,7162,7,7,1,0.4106070399284363
3,8,5,7163,7,7,1,0.7353829741477966
3,8,5,7164,7,7,1,0.7739401459693909
3,8,5,7165,7,9,0,0.3998408317565918
3,8,5,7166,7,7,1,0.3173551857471466
3,8,6,7167,7,8,0,0.44621220231056213
3,8,6,7168,7,7,1,0.5879479050636292
3,8,6,7169,7,7,1,0.7803462147712708
3,8,6,7170,7,7,1,0.5606587529182434
3,8,6,7171,7,7,1,0.6771185994148254
3,8,6,7172,7,7,1,0.7951445579528809
3,8,6,7173,7,7,1,0.7080339789390564
3,9,1,7174,8,6,0,0.36725354194641113
3,9,1,7175,8,6,0,0.37300437688827515
3,9,1,7176,8,1,0,0.331865131855011
3,9,1,7177,8,8,1,0.3577577471733093
3,9,1,7178,8,8,1,0.5939562320709229
3,9,1,7179,8,8,1,0.5908848643302917
3,9,1,7180,8,9,0,0.36411309242248535
3,9,1,7181,8,6,0,0.21266162395477295
3,9,2,7182,8,0,0,0.22823424637317657
3,9,2,7183,8,6,0,0.3292919397354126
3,9,2,7184,8,8,1,0.3765248656272888
3,9,2,7185,8,6,0,0.20104780793190002
3,9,2,7186,8,6,0,0.3163622319698334
3,9,2,7187,8,9,0,0.3988063335418701
3,9,2,7188,8,8,1,0.7027775645256042
3,9,2,7189,8,8,1,0.8215301036834717
3,9,2,7190,8,8,1,0.4757218658924103
3,9,2,7191,8,8,1,0.4599766433238983
3,9,3,7192,8,8,1,0.2723120450973511
3,9,3,7193,8,8,1,0.42632389068603516
3,9,3,7194,8,8,1,0.31199368834495544
3,9,3,7195,8,8,1,0.49573981761932373
3,9,3,7196,8,6,0,0.47080206871032715
3,9,3,7197,8,8,1,0.4103317856788635
3,9,3,7198,8,8,1,0.4553242623806
3,9,3,7199,8,6,0,0.2927115261554718
3,9,3,7200,8,8,1,0.4862523674964905
3,9,4,7201,8,8,1,0.4243148863315582
3,9,4,7202,8,9,0,0.2692832946777344
3,9,4,7203,8,8,1,0.24084322154521942
3,9,4,7204,8,6,0,0.4421364367008209
3,9,4,7205,8,6,0,0.5420014262199402
3,9,4,7206,8,8,1,0.34307754039764404
3,9,4,7207,8,9,0,0.42793095111846924
3,9,4,7208,8,9,0,0.5557810664176941
3,9,4,7209,8,8,1,0.6020344495773315
3,9,4,7210,8,8,1,0.725477397441864
3,9,4,7211,8,8,1,0.3501336872577667
3,9,4,7212,8,8,1,0.44623175263404846
3,9,4,7213,8,8,1,0.4107397496700287
3,9,5,7214,8,0,0,0.3083738088607788
3,9,5,7215,8,9,0,0.25821438431739807
3,9,5,7216,8,8,1,0.33738720417022705
3,9,5,7217,8,6,0,0.24357536435127258
3,9,5,7218,8,6,0,0.4545869827270508
3,9,5,7219,8,8,1,0.3883296251296997
3,9,5,7220,8,9,0,0.3712438941001892
3,9,5,7221,8,8,1,0.4905611276626587
3,9,5,7222,8,9,0,0.490458220243454
3,9,5,7223,8,8,1,0.5826024413108826
3,9,5,7224,8,8,1,0.6099255084991455
3,9,5,7225,8,9,0,0.3474203050136566
3,9,5,7226,8,9,0,0.3259235620498657
3,9,6,7227,8,9,0,0.3568089008331299
3,9,6,7228,8,9,0,0.17370560765266418
3,9,6,7229,8,2,0,0.20114310085773468
3,9,6,7230,8,9,0,0.1502535045146942
3,9,6,7231,8,6,0,0.2588050067424774
3,9,6,7232,8,8,1,0.6487520337104797
3,9,6,7233,8,8,1,0.7007845044136047
3,9,6,7234,8,8,1,0.3967941403388977
3,9,6,7235,8,8,1,0.556913435459137
3,9,6,7236,8,8,1,0.2390749454498291
3,9,6,7237,8,7,0,0.23410874605178833
3,9,6,7238,8,8,1,0.6875146627426147
3,9,6,7239,8,8,1,0.36356422305107117
3,9,6,7240,8,8,1,0.2193497270345688
3,9,6,7241,8,9,0,0.26361846923828125
3,10,1,7242,9,8,0,0.4911800026893616
3,10,1,7243,9,9,1,0.4936424195766449
3,10,1,7244,9,9,1,0.7695167660713196
3,10,1,7245,9,9,1,0.6961841583251953
3,10,1,7246,9,9,1,0.8158918023109436
3,10,1,7247,9,9,1,0.7844222784042358
3,10,1,7248,9,2,0,0.24151085317134857
3,10,1,7249,9,9,1,0.59284907579422
3,10,1,7250,9,9,1,0.5073901414871216
3,10,1,7251,9,9,1,0.6228886246681213
3,10,1,7252,9,9,1,0.38145431876182556
3,10,1,7253,9,9,1,0.3484499156475067
3,10,2,7254,9,9,1,0.28296202421188354
3,10,2,7255,9,9,1,0.326849102973938
3,10,2,7256,9,9,1,0.6815184950828552
3,10,2,7257,9,9,1,0.7532505393028259
3,10,2,7258,9,9,1,0.7369707822799683
3,10,2,7259,9,9,1,0.6925377249717712
3,10,2,7260,9,9,1,0.7283263802528381
3,10,2,7261,9,9,1,0.6234101057052612
3,10,2,7262,9,9,1,0.622270405292511
3,10,2,7263,9,9,1,0.5990026593208313
3,10,2,7264,9,9,1,0.4151251018047333
3,10,2,7265,9,9,1,0.43906116485595703
3,10,3,7266,9,9,1,0.1943274289369583
3,10,3,7267,9,9,1,0.4489583373069763
3,10,3,7268,9,9,1,0.25516176223754883
3,10,3,7269,9,9,1,0.43062758445739746
3,10,3,7270,9,9,1,0.5376684665679932
3,10,3,7271,9,8,0,0.42579445242881775
3,10,3,7272,9,9,1,0.5304045081138611
3,10,3,7273,9,9,1,0.3678528964519501
3,10,3,7274,9,9,1,0.20321661233901978
3,10,3,7275,9,4,0,0.32544785737991333
3,10,3,7276,9,5,0,0.39441028237342834
3,10,3,7277,9,9,1,0.2484564483165741
3,10,4,7278,9,4,0,0.19750867784023285
3,10,4,7279,9,9,1,0.5417973399162292
3,10,4,7280,9,9,1,0.43875184655189514
3,10,4,7281,9,9,1,0.4798218309879303
3,10,4,7282,9,9,1,0.6225075125694275
3,10,4,7283,9,9,1,0.6613433957099915
3,10,4,7284,9,9,1,0.7479239702224731
3,10,4,7285,9,9,1,0.4657150208950043
3,10,4,7286,9,9,1,0.532810628414154
3,10,4,7287,9,9,1,0.6454038023948669
3,10,4,7288,9,9,1,0.5995293259620667
3,10,4,7289,9,9,1,0.48002973198890686
3,10,4,7290,9,9,1,0.5569809675216675
3,10,4,7291,9,9,1,0.5435715913772583
3,10,4,7292,9,9,1,0.37730872631073
3,10,4,7293,9,9,1,0.2597523331642151
3,10,4,7294,9,8,0,0.3454207181930542
3,10,5,7295,9,9,1,0.5109879970550537
3,10,5,7296,9,9,1,0.547702431678772
3,10,5,7297,9,9,1,0.45843565464019775
3,10,5,7298,9,9,1,0.6887696385383606
3,10,5,7299,9,9,1,0.7364551424980164
3,10,5,7300,9,9,1,0.604333221912384
3,10,5,7301,9,0,0,0.20853115618228912
3,10,5,7302,9,0,0,0.2119668871164322
3,10,5,7303,9,9,1,0.23629644513130188
3,10,5,7304,9,9,1,0.19089029729366302
3,10,5,7305,9,8,0,0.31194546818733215
3,10,5,7306,9,9,1,0.3270663022994995
3,10,6,7307,9,9,1,0.292468398809433
3,10,6,7308,9,9,1,0.718608558177948
3,10,6,7309,9,9,1,0.4018521010875702
3,10,6,7310,9,9,1,0.35210299491882324
3,10,6,7311,9,9,1,0.38106101751327515
3,10,6,7312,9,8,0,0.3941808044910431
3,10,6,7313,9,9,1,0.7499507665634155
3,10,6,7314,9,9,1,0.583125650882721
3,10,6,7315,9,1,0,0.30114009976387024
3,10,6,7316,9,9,1,0.6572072505950928
3,10,6,7317,9,9,1,0.5944671034812927
3,10,6,7318,9,9,1,0.3818054497241974
3,10,6,7319,9,9,1,0.3508557379245758
3,10,6,7320,9,9,1,0.3657604157924652
3,10,6,7321,9,9,1,0.3184158504009247
